# Blender v2.60 (sub 0) OBJ File: 'clove-hitch_lower.blend'
# www.blender.org
o BezierCurve
v -4.560665 -0.250680 -0.770047
v -4.523047 -0.425977 -0.941881
v -4.505821 -0.250680 -1.116938
v -4.349686 -0.244295 -0.736067
v -4.312069 -0.419591 -0.907901
v -4.294843 -0.244295 -1.082958
v -4.159208 -0.227335 -0.706518
v -4.113006 -0.401875 -0.877024
v -4.106622 -0.227534 -1.053759
v -3.986636 -0.202355 -0.681048
v -3.933156 -0.375857 -0.850482
v -3.936812 -0.202948 -1.028695
v -3.828355 -0.171892 -0.659137
v -3.769772 -0.344430 -0.827866
v -3.781754 -0.173094 -1.007229
v -3.680778 -0.138513 -0.640271
v -3.620092 -0.310585 -0.808731
v -3.637758 -0.140507 -0.988820
v -3.540341 -0.104811 -0.623934
v -3.481212 -0.277248 -0.792576
v -3.501104 -0.107690 -0.972923
v -3.403502 -0.073399 -0.609610
v -3.349940 -0.247079 -0.778835
v -3.368045 -0.077122 -0.958996
v -3.266726 -0.046883 -0.596777
v -3.222647 -0.222346 -0.766896
v -3.234809 -0.051272 -0.946496
v -3.126471 -0.027838 -0.584909
v -3.095141 -0.204977 -0.756113
v -3.097614 -0.032629 -0.934888
v -2.979161 -0.018794 -0.573474
v -2.962663 -0.196809 -0.745838
v -2.952690 -0.023726 -0.923640
v -2.821162 -0.022243 -0.561937
v -2.820115 -0.199914 -0.735438
v -2.796317 -0.027139 -0.912223
v -2.652181 -0.040317 -0.550035
v -2.661663 -0.216900 -0.724388
v -2.621408 -0.045825 -0.899841
v -2.424242 -0.081213 -0.525002
v -2.434889 -0.257596 -0.699491
v -2.376128 -0.089708 -0.872787
v -2.198799 -0.132102 -0.485032
v -2.205753 -0.309294 -0.658886
v -2.132463 -0.144590 -0.829684
v -1.974208 -0.187766 -0.434397
v -1.976625 -0.366054 -0.607251
v -1.895874 -0.203151 -0.776404
v -1.752663 -0.242075 -0.377886
v -1.749409 -0.421714 -0.549321
v -1.667972 -0.258975 -0.718302
v -1.536005 -0.288754 -0.320384
v -1.525452 -0.469908 -0.489920
v -1.450702 -0.305780 -0.660641
v -1.325622 -0.321333 -0.266843
v -1.305373 -0.503894 -0.433973
v -1.246435 -0.337472 -0.608619
v -1.122391 -0.332895 -0.222379
v -1.088997 -0.516043 -0.386734
v -1.058028 -0.348372 -0.567284
v -0.927039 -0.315565 -0.192608
v -0.876162 -0.496915 -0.354456
v -0.888490 -0.333697 -0.541215
v -0.741785 -0.260348 -0.184118
v -0.669971 -0.435195 -0.345182
v -0.739443 -0.289723 -0.534079
v -0.572584 -0.159200 -0.203870
v -0.480629 -0.321957 -0.367349
v -0.609017 -0.211853 -0.549185
v -0.427056 -0.008189 -0.256992
v -0.320667 -0.156253 -0.425601
v -0.493754 -0.091649 -0.591547
v -0.305734 0.199873 -0.349508
v -0.195723 0.057769 -0.520899
v -0.397047 0.075904 -0.665158
v -0.237349 0.393008 -0.470389
v -0.132093 0.236851 -0.632274
v -0.353909 0.194404 -0.735553
v -0.238964 0.534872 -0.629475
v -0.132818 0.356413 -0.765695
v -0.351712 0.240664 -0.784623
v -0.316059 0.601056 -0.801789
v -0.197963 0.411801 -0.910907
v -0.371668 0.255230 -0.827345
v -0.441368 0.595945 -0.950109
v -0.311141 0.406692 -1.044424
v -0.427183 0.250132 -0.890495
v -0.591845 0.546046 -1.069539
v -0.456015 0.358523 -1.159296
v -0.527444 0.215739 -0.969083
v -0.761765 0.467907 -1.166482
v -0.625915 0.280394 -1.256227
v -0.664642 0.152234 -1.047072
v -0.947889 0.371015 -1.242090
v -0.816303 0.181316 -1.333578
v -0.828554 0.066726 -1.113601
v -1.145643 0.263404 -1.293960
v -1.022386 0.069224 -1.387621
v -1.010283 -0.032261 -1.161292
v -1.349454 0.153021 -1.318237
v -1.239260 -0.048159 -1.413392
v -1.201928 -0.136125 -1.184178
v -1.553181 0.047932 -1.310469
v -1.462154 -0.163013 -1.404737
v -1.396160 -0.236376 -1.176848
v -1.750316 -0.043661 -1.265968
v -1.686118 -0.266869 -1.353874
v -1.586010 -0.324640 -1.134074
v -1.939130 -0.115597 -1.177704
v -1.897690 -0.347956 -1.254921
v -1.759446 -0.390392 -1.053033
v -2.116724 -0.183437 -1.042731
v -2.080222 -0.417837 -1.116180
v -1.903909 -0.444538 -0.943346
v -2.248788 -0.255770 -0.885421
v -2.209295 -0.488525 -0.962468
v -1.999305 -0.496695 -0.830149
v -2.331475 -0.328630 -0.713545
v -2.290461 -0.560049 -0.793757
v -2.056676 -0.547309 -0.710975
v -2.366748 -0.398532 -0.533372
v -2.325369 -0.629243 -0.615414
v -2.081117 -0.596237 -0.585041
v -2.359128 -0.462373 -0.351028
v -2.317749 -0.693084 -0.433070
v -2.075240 -0.642959 -0.451716
v -2.314490 -0.517946 -0.170917
v -2.272675 -0.749214 -0.251150
v -2.040347 -0.686080 -0.312049
v -2.238515 -0.563705 0.004189
v -2.195276 -0.795842 -0.072710
v -1.977934 -0.723568 -0.168677
v -2.136103 -0.598320 0.172299
v -2.090114 -0.831391 0.099956
v -1.890261 -0.753174 -0.024990
v -2.011479 -0.620422 0.331557
v -1.961170 -0.854257 0.264768
v -1.780242 -0.772694 0.115492
v -1.868467 -0.628526 0.479974
v -1.812018 -0.862699 0.419580
v -1.651180 -0.780032 0.249380
v -1.710691 -0.621036 0.615377
v -1.645991 -0.854796 0.562077
v -1.506567 -0.773200 0.373466
v -1.542304 -0.596421 0.735050
v -1.469537 -0.829059 0.687561
v -1.349476 -0.750156 0.485001
v -1.356166 -0.557779 0.849592
v -1.278962 -0.789531 0.804862
v -1.172724 -0.713386 0.593708
v -1.182334 -0.517232 0.945343
v -1.102920 -0.748468 0.901820
v -1.009434 -0.675307 0.683695
v -1.019800 -0.474844 1.022180
v -0.938092 -0.705479 0.979730
v -0.861242 -0.636674 0.753830
v -0.868103 -0.430654 1.079274
v -0.783999 -0.660587 1.037709
v -0.729337 -0.598276 0.803615
v -0.726453 -0.384477 1.115379
v -0.639863 -0.613596 1.074425
v -0.615220 -0.561121 0.832950
v -0.593948 -0.335881 1.128332
v -0.504860 -0.564079 1.087595
v -0.520510 -0.526458 0.842625
v -0.470588 -0.284486 1.114508
v -0.379218 -0.511730 1.073488
v -0.445954 -0.495484 0.834840
v -0.359338 -0.230991 1.069571
v -0.266273 -0.457418 1.027852
v -0.389440 -0.468360 0.812490
v -0.266566 -0.178122 0.992033
v -0.172656 -0.404069 0.949609
v -0.345566 -0.443287 0.775728
v -0.197691 -0.129345 0.885698
v -0.103637 -0.355190 0.843056
v -0.309829 -0.417749 0.719596
v -0.153283 -0.086408 0.755864
v -0.059380 -0.312396 0.713646
v -0.282406 -0.390877 0.637680
v -0.132157 -0.050692 0.612251
v -0.036553 -0.273620 0.559021
v -0.265112 -0.362054 0.518883
v -0.132780 0.002614 0.429659
v -0.037781 -0.207678 0.337883
v -0.265922 -0.304832 0.324344
v -0.160977 0.066725 0.299439
v -0.078091 -0.117411 0.154890
v -0.299955 -0.228120 0.168699
v -0.213486 0.139534 0.205054
v -0.155543 -0.010707 0.016002
v -0.361893 -0.142498 0.057491
v -0.288943 0.217561 0.139902
v -0.262892 0.099915 -0.077242
v -0.444343 -0.057324 -0.013821
v -0.386177 0.295908 0.100138
v -0.390105 0.202167 -0.129792
v -0.539625 0.019467 -0.052752
v -0.502999 0.367731 0.082678
v -0.529182 0.287487 -0.150873
v -0.641144 0.082009 -0.067723
v -0.636879 0.424958 0.083819
v -0.675013 0.349709 -0.149749
v -0.742743 0.125747 -0.066536
v -0.785583 0.458096 0.099168
v -0.823689 0.382840 -0.134403
v -0.838012 0.147555 -0.056258
v -0.945805 0.455124 0.123411
v -0.970650 0.380253 -0.112063
v -0.921589 0.146809 -0.043015
v -1.108979 0.402630 0.149279
v -1.109423 0.335758 -0.089883
v -0.993307 0.124294 -0.030971
v -1.259684 0.292773 0.167623
v -1.232746 0.245701 -0.074719
v -1.059830 0.075308 -0.022401
v -1.379464 0.135134 0.170822
v -1.335173 0.109502 -0.072185
v -1.130917 -0.022170 -0.021068
v -1.486006 -0.059560 0.163540
v -1.435857 -0.075063 -0.079185
v -1.221094 -0.188567 -0.027564
v -1.563696 -0.217477 0.155940
v -1.511367 -0.228534 -0.086568
v -1.292115 -0.332881 -0.034500
v -1.621610 -0.350752 0.147883
v -1.566935 -0.356398 -0.094294
v -1.343239 -0.450493 -0.041598
v -1.663591 -0.462630 0.139427
v -1.606554 -0.461989 -0.102270
v -1.378919 -0.545601 -0.048773
v -1.693361 -0.555550 0.130723
v -1.634179 -0.548285 -0.110349
v -1.403726 -0.623196 -0.056031
v -1.714571 -0.630828 0.122130
v -1.653740 -0.617877 -0.118292
v -1.422299 -0.689381 -0.063585
v -1.730708 -0.689015 0.114270
v -1.669080 -0.673338 -0.125786
v -1.439443 -0.751020 -0.071907
v -1.744738 -0.731779 0.107739
v -1.683844 -0.718208 -0.132632
v -1.460474 -0.813898 -0.081447
v -1.759578 -0.764672 0.102425
v -1.701882 -0.757970 -0.139023
v -1.490765 -0.879976 -0.091961
v -1.780147 -0.796909 0.097391
v -1.728155 -0.799221 -0.145431
v -1.533722 -0.947591 -0.102387
v -1.813663 -0.836864 0.091858
v -1.768398 -0.847377 -0.152091
v -1.590482 -1.015884 -0.111817
v -1.856196 -0.880958 0.087417
v -1.814222 -0.894405 -0.156977
v -1.672853 -1.095493 -0.121633
v -2.021523 -0.967183 0.063626
v -1.975929 -0.978879 -0.180208
v -1.913515 -1.218127 -0.157060
v -2.255357 -0.980587 0.016937
v -2.204724 -0.991730 -0.225926
v -2.219710 -1.239476 -0.217683
v -2.558296 -0.927498 -0.050810
v -2.505559 -0.938952 -0.293211
v -2.564383 -1.180217 -0.294608
v -2.909824 -0.815058 -0.133480
v -2.856646 -0.826647 -0.375779
v -2.940697 -1.060213 -0.383054
v -3.292144 -0.655700 -0.224880
v -3.239537 -0.667056 -0.467314
v -3.339209 -0.894246 -0.478300
v -3.689661 -0.463013 -0.319145
v -3.638432 -0.473709 -0.561903
v -3.748360 -0.695985 -0.575308
v -4.087776 -0.250781 -0.410601
v -4.038783 -0.260294 -0.653870
v -4.155640 -0.478905 -0.668856
v -4.472303 -0.032822 -0.493670
v -4.426698 -0.040426 -0.737664
v -4.548145 -0.256450 -0.753632
v -4.829175 0.177013 -0.562822
v -4.788803 0.172469 -0.807812
v -4.912874 -0.042020 -0.824280
v -5.144161 0.364745 -0.612564
v -5.112526 0.365367 -0.858875
v -5.237012 0.151123 -0.875406
v -5.402170 0.515947 -0.637533
v -5.387583 0.526402 -0.885220
v -5.508683 0.310205 -0.901477
v -5.598473 0.622005 -0.632681
v -5.583885 0.632459 -0.880367
v -5.704986 0.416262 -0.896624
v -4.505821 -0.250680 -1.116938
v -4.506170 -0.244691 -1.116994
v -4.294843 -0.244295 -1.082958
v -4.295191 -0.238305 -1.083013
v -4.106622 -0.227534 -1.053759
v -4.107302 -0.221574 -1.053866
v -3.936812 -0.202948 -1.028695
v -3.937788 -0.197030 -1.028845
v -3.781754 -0.173094 -1.007229
v -3.782960 -0.167219 -1.007411
v -3.637758 -0.140507 -0.988820
v -3.639096 -0.134661 -0.989019
v -3.501104 -0.107690 -0.972923
v -3.502454 -0.101848 -0.973123
v -3.368045 -0.077122 -0.958996
v -3.369270 -0.071251 -0.959182
v -3.234809 -0.051272 -0.946496
v -3.235770 -0.045352 -0.946658
v -3.097614 -0.032629 -0.934888
v -3.098191 -0.026659 -0.935018
v -2.952690 -0.023726 -0.923640
v -2.952801 -0.017728 -0.923733
v -2.796317 -0.027139 -0.912223
v -2.795928 -0.021152 -0.912279
v -2.621408 -0.045825 -0.899841
v -2.620559 -0.039885 -0.899860
v -2.376128 -0.089708 -0.872787
v -2.374943 -0.083826 -0.872766
v -2.132463 -0.144590 -0.829684
v -2.131092 -0.138749 -0.829632
v -1.895874 -0.203151 -0.776404
v -1.894453 -0.197322 -0.776341
v -1.667972 -0.258975 -0.718302
v -1.666637 -0.253125 -0.718260
v -1.450702 -0.305780 -0.660641
v -1.449605 -0.299882 -0.660661
v -1.246435 -0.337472 -0.608619
v -1.245775 -0.331510 -0.608747
v -1.058028 -0.348372 -0.567284
v -1.058069 -0.342379 -0.567560
v -0.888490 -0.333697 -0.541215
v -0.889570 -0.327811 -0.541640
v -0.739443 -0.289723 -0.534079
v -0.741857 -0.284251 -0.534555
v -0.609017 -0.211853 -0.549185
v -0.612782 -0.207191 -0.549498
v -0.493754 -0.091649 -0.591547
v -0.498528 -0.088015 -0.591502
v -0.397047 0.075904 -0.665158
v -0.402366 0.078642 -0.664695
v -0.353909 0.194404 -0.735553
v -0.359497 0.196346 -0.734552
v -0.351712 0.240664 -0.784623
v -0.357266 0.241736 -0.782619
v -0.371668 0.255230 -0.827345
v -0.376654 0.255788 -0.824053
v -0.427183 0.250132 -0.890495
v -0.431391 0.250690 -0.886254
v -0.527444 0.215739 -0.969083
v -0.530985 0.216503 -0.964300
v -0.664642 0.152234 -1.047072
v -0.667624 0.153248 -1.041966
v -0.828554 0.066726 -1.113601
v -0.831012 0.068010 -1.108280
v -1.010283 -0.032261 -1.161292
v -1.012182 -0.030678 -1.155825
v -1.201928 -0.136125 -1.184178
v -1.203173 -0.134191 -1.178636
v -1.396160 -0.236376 -1.176848
v -1.396587 -0.234025 -1.171344
v -1.586010 -0.324640 -1.134074
v -1.585397 -0.321813 -1.128817
v -1.759446 -0.390392 -1.053033
v -1.757792 -0.387147 -1.048265
v -1.903909 -0.444538 -0.943346
v -1.901520 -0.440989 -0.939138
v -1.999305 -0.496695 -0.830149
v -1.996392 -0.492858 -0.826572
v -2.056676 -0.547309 -0.710975
v -2.053382 -0.543137 -0.708190
v -2.081117 -0.596237 -0.585041
v -2.077652 -0.591731 -0.583120
v -2.075240 -0.642959 -0.451716
v -2.071804 -0.638161 -0.450633
v -2.040347 -0.686080 -0.312049
v -2.037092 -0.681051 -0.311719
v -1.977934 -0.723568 -0.168677
v -1.974959 -0.718367 -0.169003
v -1.890261 -0.753174 -0.024990
v -1.887632 -0.747856 -0.025889
v -1.780242 -0.772694 0.115492
v -1.778010 -0.767306 0.114083
v -1.651180 -0.780032 0.249380
v -1.649397 -0.774619 0.247504
v -1.506567 -0.773200 0.373466
v -1.505291 -0.767812 0.371154
v -1.349476 -0.750156 0.485001
v -1.348668 -0.744833 0.482352
v -1.172724 -0.713386 0.593708
v -1.172228 -0.708125 0.590865
v -1.009434 -0.675307 0.683695
v -1.009193 -0.670107 0.680713
v -0.861242 -0.636674 0.753830
v -0.861325 -0.631558 0.750696
v -0.729337 -0.598276 0.803615
v -0.729840 -0.593283 0.800325
v -0.615220 -0.561121 0.832950
v -0.616278 -0.556310 0.829525
v -0.520510 -0.526458 0.842625
v -0.522300 -0.521916 0.839135
v -0.445954 -0.495484 0.834840
v -0.448655 -0.491324 0.831463
v -0.389440 -0.468360 0.812490
v -0.393134 -0.464679 0.809523
v -0.345566 -0.443287 0.775728
v -0.350125 -0.440097 0.773482
v -0.309829 -0.417749 0.719596
v -0.314958 -0.414959 0.718215
v -0.282406 -0.390877 0.637680
v -0.287820 -0.388357 0.637104
v -0.265112 -0.362054 0.518883
v -0.270650 -0.359757 0.519106
v -0.265922 -0.304832 0.324344
v -0.271442 -0.302899 0.325681
v -0.299955 -0.228120 0.168699
v -0.305161 -0.226866 0.171405
v -0.361893 -0.142498 0.057491
v -0.366408 -0.142182 0.061430
v -0.444343 -0.057324 -0.013821
v -0.447888 -0.058000 -0.009028
v -0.539625 0.019467 -0.052752
v -0.542112 0.017947 -0.047508
v -0.641144 0.082009 -0.067723
v -0.642609 0.079869 -0.062312
v -0.742743 0.125747 -0.066536
v -0.743249 0.123206 -0.061124
v -0.838012 0.147555 -0.056258
v -0.837605 0.144821 -0.050933
v -0.921589 0.146809 -0.043015
v -0.920326 0.144100 -0.037812
v -0.993307 0.124294 -0.030971
v -0.991316 0.121824 -0.025879
v -1.059830 0.075308 -0.022401
v -1.057336 0.073201 -0.017367
v -1.130917 -0.022170 -0.021068
v -1.128185 -0.023982 -0.016043
v -1.221094 -0.188567 -0.027564
v -1.218282 -0.190241 -0.022535
v -1.292115 -0.332881 -0.034500
v -1.289263 -0.334475 -0.029468
v -1.343239 -0.450493 -0.041598
v -1.340352 -0.452004 -0.036560
v -1.378919 -0.545601 -0.048773
v -1.376004 -0.547041 -0.043729
v -1.403726 -0.623196 -0.056031
v -1.400800 -0.624600 -0.050984
v -1.422299 -0.689381 -0.063585
v -1.419384 -0.690823 -0.058543
v -1.439443 -0.751020 -0.071907
v -1.436573 -0.752615 -0.066885
v -1.460474 -0.813898 -0.081447
v -1.457698 -0.815765 -0.076466
v -1.490765 -0.879976 -0.091961
v -1.488144 -0.882175 -0.087032
v -1.533722 -0.947591 -0.102387
v -1.531288 -0.950087 -0.097503
v -1.590482 -1.015884 -0.111817
v -1.588216 -1.018583 -0.106961
v -1.672853 -1.095493 -0.121633
v -1.671155 -1.098699 -0.116854
v -1.913515 -1.218127 -0.157060
v -1.913227 -1.222014 -0.152499
v -2.219710 -1.239476 -0.217683
v -2.220831 -1.243518 -0.213393
v -2.564383 -1.180217 -0.294608
v -2.566289 -1.184143 -0.290491
v -2.940697 -1.060213 -0.383054
v -2.943042 -1.064005 -0.379039
v -3.339209 -0.894246 -0.478300
v -3.341811 -0.897934 -0.474346
v -3.748360 -0.695985 -0.575308
v -3.751113 -0.699600 -0.571390
v -4.155640 -0.478905 -0.668856
v -4.158473 -0.482477 -0.664956
v -4.548145 -0.256450 -0.753632
v -4.551000 -0.260010 -0.749736
v -4.912874 -0.042020 -0.824280
v -4.915684 -0.045607 -0.820376
v -5.237012 0.151123 -0.875406
v -5.239679 0.147452 -0.871480
v -5.508683 0.310205 -0.901477
v -5.511002 0.306332 -0.897523
v -5.704986 0.416262 -0.896624
v -5.707304 0.412390 -0.892670
v -4.561013 -0.244691 -0.770102
v -4.560665 -0.250680 -0.770047
v -4.350035 -0.238305 -0.736122
v -4.349686 -0.244295 -0.736067
v -4.159888 -0.221375 -0.706625
v -4.159208 -0.227335 -0.706518
v -3.987612 -0.196437 -0.681198
v -3.986636 -0.202355 -0.681048
v -3.829561 -0.166017 -0.659319
v -3.828355 -0.171892 -0.659137
v -3.682116 -0.132667 -0.640469
v -3.680778 -0.138513 -0.640271
v -3.541691 -0.098968 -0.624134
v -3.540341 -0.104811 -0.623934
v -3.404726 -0.067528 -0.609797
v -3.403502 -0.073399 -0.609610
v -3.267686 -0.040963 -0.596939
v -3.266726 -0.046883 -0.596777
v -3.127048 -0.021867 -0.585038
v -3.126471 -0.027838 -0.584909
v -2.979272 -0.012796 -0.573566
v -2.979161 -0.018794 -0.573474
v -2.820773 -0.016256 -0.561993
v -2.821162 -0.022243 -0.561937
v -2.651331 -0.034377 -0.550054
v -2.652181 -0.040317 -0.550035
v -2.423056 -0.075331 -0.524982
v -2.424242 -0.081213 -0.525002
v -2.197428 -0.126261 -0.484980
v -2.198799 -0.132102 -0.485032
v -1.972787 -0.181938 -0.434334
v -1.974208 -0.187767 -0.434397
v -1.751328 -0.236226 -0.377844
v -1.752663 -0.242075 -0.377886
v -1.534908 -0.282855 -0.320404
v -1.536005 -0.288754 -0.320384
v -1.324961 -0.315371 -0.266972
v -1.325622 -0.321333 -0.266843
v -1.122433 -0.326902 -0.222656
v -1.122391 -0.332895 -0.222379
v -0.928118 -0.309679 -0.193033
v -0.927039 -0.315565 -0.192608
v -0.744199 -0.254875 -0.184593
v -0.741785 -0.260348 -0.184118
v -0.576349 -0.154539 -0.204184
v -0.572584 -0.159200 -0.203870
v -0.431830 -0.004555 -0.256946
v -0.427056 -0.008189 -0.256992
v -0.311053 0.202611 -0.349045
v -0.305734 0.199873 -0.349508
v -0.242937 0.394951 -0.469388
v -0.237349 0.393008 -0.470389
v -0.244517 0.535944 -0.627471
v -0.238964 0.534872 -0.629475
v -0.321044 0.601615 -0.798497
v -0.316059 0.601056 -0.801789
v -0.445575 0.596503 -0.945868
v -0.441368 0.595945 -0.950109
v -0.595385 0.546810 -1.064756
v -0.591844 0.546046 -1.069539
v -0.764748 0.468921 -1.161376
v -0.761765 0.467907 -1.166482
v -0.950346 0.372298 -1.236769
v -0.947889 0.371015 -1.242090
v -1.147542 0.264988 -1.288494
v -1.145643 0.263404 -1.293960
v -1.350699 0.154956 -1.312696
v -1.349454 0.153021 -1.318237
v -1.553609 0.050283 -1.304965
v -1.553181 0.047932 -1.310469
v -1.749702 -0.040834 -1.260711
v -1.750316 -0.043661 -1.265968
v -1.937476 -0.112352 -1.172935
v -1.939130 -0.115597 -1.177704
v -2.114336 -0.179888 -1.038523
v -2.116724 -0.183437 -1.042731
v -2.245876 -0.251933 -0.881844
v -2.248788 -0.255770 -0.885421
v -2.328181 -0.324459 -0.710760
v -2.331475 -0.328630 -0.713545
v -2.363282 -0.394027 -0.531452
v -2.366748 -0.398532 -0.533372
v -2.355692 -0.457575 -0.349945
v -2.359128 -0.462373 -0.351028
v -2.311235 -0.512917 -0.170587
v -2.314490 -0.517946 -0.170917
v -2.235541 -0.558504 0.003863
v -2.238515 -0.563705 0.004189
v -2.133474 -0.593001 0.171400
v -2.136103 -0.598320 0.172299
v -2.009248 -0.615034 0.330148
v -2.011479 -0.620422 0.331557
v -1.866683 -0.623114 0.478099
v -1.868467 -0.628526 0.479974
v -1.709415 -0.615648 0.613065
v -1.710691 -0.621036 0.615377
v -1.541496 -0.591098 0.732400
v -1.542304 -0.596421 0.735050
v -1.355670 -0.552518 0.846749
v -1.356166 -0.557779 0.849592
v -1.182093 -0.512032 0.942360
v -1.182334 -0.517232 0.945343
v -1.019883 -0.469728 1.019046
v -1.019800 -0.474844 1.022180
v -0.868605 -0.425661 1.075985
v -0.868103 -0.430654 1.079274
v -0.727511 -0.379666 1.111953
v -0.726453 -0.384477 1.115379
v -0.595737 -0.331340 1.124843
v -0.593948 -0.335881 1.128332
v -0.473289 -0.280326 1.111132
v -0.470588 -0.284486 1.114508
v -0.363033 -0.227309 1.066605
v -0.359338 -0.230991 1.069571
v -0.271124 -0.174932 0.989787
v -0.266566 -0.178122 0.992033
v -0.202821 -0.126555 0.884317
v -0.197691 -0.129345 0.885698
v -0.158698 -0.083888 0.755287
v -0.153283 -0.086408 0.755864
v -0.137695 -0.048394 0.612475
v -0.132157 -0.050692 0.612251
v -0.138301 0.004547 0.430996
v -0.132780 0.002614 0.429659
v -0.166184 0.067979 0.302145
v -0.160977 0.066725 0.299439
v -0.218002 0.139850 0.208993
v -0.213486 0.139534 0.205054
v -0.292488 0.216885 0.144695
v -0.288943 0.217561 0.139902
v -0.388664 0.294388 0.105382
v -0.386177 0.295908 0.100138
v -0.504464 0.365591 0.088088
v -0.502999 0.367731 0.082678
v -0.637384 0.422418 0.089231
v -0.636879 0.424958 0.083819
v -0.785177 0.455362 0.104493
v -0.785583 0.458096 0.099168
v -0.944542 0.452415 0.128613
v -0.945805 0.455124 0.123411
v -1.106988 0.400160 0.154372
v -1.108979 0.402630 0.149279
v -1.257190 0.290666 0.172657
v -1.259684 0.292773 0.167622
v -1.376731 0.133323 0.175847
v -1.379464 0.135134 0.170822
v -1.483193 -0.061234 0.168569
v -1.486006 -0.059560 0.163540
v -1.560844 -0.219071 0.160972
v -1.563696 -0.217477 0.155940
v -1.618722 -0.352263 0.152920
v -1.621610 -0.350752 0.147883
v -1.660676 -0.464069 0.144470
v -1.663591 -0.462630 0.139427
v -1.690435 -0.556954 0.135769
v -1.693361 -0.555550 0.130723
v -1.711657 -0.632271 0.127172
v -1.714571 -0.630828 0.122130
v -1.727837 -0.690610 0.119292
v -1.730708 -0.689015 0.114270
v -1.741962 -0.733645 0.112720
v -1.744738 -0.731779 0.107739
v -1.756956 -0.766870 0.107354
v -1.759578 -0.764672 0.102425
v -1.777714 -0.799405 0.102275
v -1.780147 -0.796909 0.097391
v -1.811397 -0.839563 0.096714
v -1.813663 -0.836864 0.091858
v -1.854498 -0.884164 0.092196
v -1.856196 -0.880958 0.087417
v -2.021236 -0.971070 0.068188
v -2.021523 -0.967183 0.063626
v -2.256478 -0.984629 0.021227
v -2.255357 -0.980587 0.016937
v -2.560202 -0.931424 -0.046692
v -2.558296 -0.927498 -0.050810
v -2.912168 -0.818850 -0.129465
v -2.909824 -0.815058 -0.133480
v -3.294745 -0.659388 -0.220926
v -3.292144 -0.655700 -0.224880
v -3.692415 -0.466627 -0.315226
v -3.689661 -0.463013 -0.319145
v -4.090610 -0.254353 -0.406701
v -4.087776 -0.250781 -0.410601
v -4.475157 -0.036383 -0.489775
v -4.472303 -0.032822 -0.493670
v -4.831984 0.173426 -0.558918
v -4.829175 0.177013 -0.562822
v -5.146829 0.361074 -0.608638
v -5.144161 0.364745 -0.612564
v -5.404488 0.512075 -0.633580
v -5.402170 0.515947 -0.637534
v -5.600790 0.618133 -0.628727
v -5.598473 0.622005 -0.632681
v -4.506170 -0.244691 -1.116994
v -4.543787 -0.069394 -0.945160
v -4.561013 -0.244691 -0.770102
v -4.295191 -0.238305 -1.083013
v -4.332808 -0.063009 -0.911179
v -4.350035 -0.238305 -0.736122
v -4.107302 -0.221574 -1.053866
v -4.153504 -0.047035 -0.883360
v -4.159888 -0.221375 -0.706625
v -3.937788 -0.197030 -1.028845
v -3.991268 -0.023528 -0.859411
v -3.987612 -0.196437 -0.681198
v -3.782960 -0.167219 -1.007411
v -3.841543 0.005318 -0.838682
v -3.829561 -0.166017 -0.659319
v -3.639096 -0.134661 -0.989019
v -3.699782 0.037411 -0.820558
v -3.682116 -0.132667 -0.640469
v -3.502454 -0.101848 -0.973123
v -3.561583 0.070589 -0.804481
v -3.541691 -0.098968 -0.624134
v -3.369270 -0.071251 -0.959182
v -3.422832 0.102428 -0.789957
v -3.404726 -0.067528 -0.609797
v -3.235770 -0.045352 -0.946658
v -3.279849 0.130112 -0.776540
v -3.267686 -0.040963 -0.596939
v -3.098191 -0.026659 -0.935018
v -3.129521 0.150481 -0.763814
v -3.127048 -0.021867 -0.585038
v -2.952801 -0.017728 -0.923733
v -2.969299 0.160287 -0.751369
v -2.979272 -0.012796 -0.573566
v -2.795928 -0.021152 -0.912279
v -2.796975 0.156520 -0.738778
v -2.820773 -0.016256 -0.561993
v -2.620559 -0.039885 -0.899860
v -2.611077 0.136698 -0.725506
v -2.651331 -0.034377 -0.550054
v -2.374943 -0.083826 -0.872766
v -2.364296 0.092557 -0.698277
v -2.423056 -0.075331 -0.524982
v -2.131092 -0.138749 -0.829632
v -2.124138 0.038443 -0.655778
v -2.197428 -0.126261 -0.484980
v -1.894453 -0.197322 -0.776341
v -1.892036 -0.019035 -0.603487
v -1.972787 -0.181938 -0.434334
v -1.666637 -0.253125 -0.718260
v -1.669891 -0.073486 -0.546825
v -1.751328 -0.236226 -0.377844
v -1.449605 -0.299882 -0.660661
v -1.460158 -0.118728 -0.491124
v -1.534908 -0.282855 -0.320404
v -1.245775 -0.331510 -0.608747
v -1.266023 -0.148950 -0.441617
v -1.324961 -0.315371 -0.266972
v -1.058069 -0.342379 -0.567560
v -1.091464 -0.159231 -0.403206
v -1.122433 -0.326902 -0.222656
v -0.889570 -0.327811 -0.541640
v -0.940446 -0.146461 -0.379792
v -0.928118 -0.309679 -0.193033
v -0.741857 -0.284251 -0.534555
v -0.813671 -0.109403 -0.373490
v -0.744199 -0.254875 -0.184593
v -0.612782 -0.207191 -0.549498
v -0.704737 -0.044434 -0.386020
v -0.576349 -0.154539 -0.204184
v -0.498528 -0.088015 -0.591502
v -0.604917 0.060049 -0.422892
v -0.431830 -0.004555 -0.256946
v -0.402366 0.078642 -0.664695
v -0.512376 0.220746 -0.493304
v -0.311053 0.202611 -0.349045
v -0.359497 0.196346 -0.734552
v -0.464753 0.352503 -0.572667
v -0.242937 0.394951 -0.469388
v -0.357266 0.241736 -0.782619
v -0.463411 0.420195 -0.646399
v -0.244517 0.535944 -0.627471
v -0.376654 0.255788 -0.824053
v -0.494749 0.445043 -0.714935
v -0.321044 0.601615 -0.798497
v -0.431391 0.250690 -0.886254
v -0.561617 0.439943 -0.791940
v -0.445575 0.596503 -0.945868
v -0.530985 0.216503 -0.964300
v -0.666815 0.404025 -0.874543
v -0.595385 0.546810 -1.064756
v -0.667624 0.153248 -1.041966
v -0.803475 0.340761 -0.952220
v -0.764748 0.468921 -1.161376
v -0.831012 0.068010 -1.108280
v -0.962598 0.257709 -1.016792
v -0.950346 0.372298 -1.236769
v -1.012182 -0.030678 -1.155825
v -1.135439 0.163502 -1.062164
v -1.147542 0.264988 -1.288494
v -1.203173 -0.134191 -1.178636
v -1.313367 0.066990 -1.083482
v -1.350699 0.154955 -1.312696
v -1.396587 -0.234025 -1.171344
v -1.487615 -0.023079 -1.077076
v -1.553609 0.050283 -1.304965
v -1.585397 -0.321813 -1.128817
v -1.649595 -0.098605 -1.040911
v -1.749702 -0.040834 -1.260711
v -1.757792 -0.387147 -1.048265
v -1.799232 -0.154787 -0.971048
v -1.937476 -0.112352 -1.172935
v -1.901520 -0.440989 -0.939138
v -1.938023 -0.206589 -0.865690
v -2.114336 -0.179888 -1.038523
v -1.996392 -0.492858 -0.826572
v -2.035886 -0.260103 -0.749525
v -2.245876 -0.251933 -0.881844
v -2.053382 -0.543137 -0.708190
v -2.094396 -0.311719 -0.627978
v -2.328182 -0.324459 -0.710760
v -2.077652 -0.591731 -0.583120
v -2.119030 -0.361020 -0.501079
v -2.363282 -0.394027 -0.531452
v -2.071804 -0.638161 -0.450633
v -2.113183 -0.407450 -0.368591
v -2.355692 -0.457575 -0.349945
v -2.037092 -0.681051 -0.311719
v -2.078907 -0.449783 -0.231486
v -2.311235 -0.512917 -0.170587
v -1.974959 -0.718367 -0.169003
v -2.018199 -0.486230 -0.092104
v -2.235541 -0.558504 0.003863
v -1.887632 -0.747856 -0.025889
v -1.933621 -0.514785 0.046454
v -2.133474 -0.593001 0.171400
v -1.778010 -0.767306 0.114083
v -1.828320 -0.533470 0.180872
v -2.009248 -0.615034 0.330148
v -1.649397 -0.774619 0.247504
v -1.705845 -0.540447 0.307899
v -1.866683 -0.623114 0.478099
v -1.505291 -0.767812 0.371154
v -1.569991 -0.534053 0.424454
v -1.709415 -0.615648 0.613065
v -1.348668 -0.744833 0.482352
v -1.421435 -0.512195 0.529841
v -1.541496 -0.591098 0.732400
v -1.172228 -0.708125 0.590865
v -1.249432 -0.476373 0.635595
v -1.355670 -0.552518 0.846749
v -1.009193 -0.670107 0.680713
v -1.088607 -0.438871 0.724235
v -1.182093 -0.512032 0.942360
v -0.861325 -0.631558 0.750696
v -0.943033 -0.400923 0.793147
v -1.019883 -0.469728 1.019046
v -0.729840 -0.593283 0.800325
v -0.813943 -0.363349 0.841891
v -0.868605 -0.425661 1.075985
v -0.616278 -0.556310 0.829525
v -0.702869 -0.327191 0.870479
v -0.727511 -0.379667 1.111953
v -0.522300 -0.521916 0.839135
v -0.611388 -0.293718 0.879873
v -0.595737 -0.331340 1.124843
v -0.448655 -0.491324 0.831463
v -0.540025 -0.264080 0.872483
v -0.473289 -0.280326 1.111132
v -0.393134 -0.464679 0.809523
v -0.486200 -0.238252 0.851242
v -0.363033 -0.227309 1.066605
v -0.350125 -0.440097 0.773482
v -0.444034 -0.214151 0.815906
v -0.271124 -0.174932 0.989787
v -0.314958 -0.414959 0.718215
v -0.409012 -0.189113 0.760857
v -0.202821 -0.126555 0.884317
v -0.287820 -0.388357 0.637104
v -0.381724 -0.162369 0.679321
v -0.158698 -0.083888 0.755287
v -0.270650 -0.359757 0.519106
v -0.366254 -0.136828 0.572337
v -0.137695 -0.048394 0.612475
v -0.271442 -0.302899 0.325681
v -0.366442 -0.092607 0.417457
v -0.138301 0.004547 0.430996
v -0.305161 -0.226866 0.171405
v -0.388047 -0.042730 0.315954
v -0.166184 0.067979 0.302145
v -0.366408 -0.142182 0.061430
v -0.424352 0.008059 0.250482
v -0.218002 0.139850 0.208993
v -0.447888 -0.058000 -0.009028
v -0.473940 0.059646 0.208116
v -0.292488 0.216885 0.144695
v -0.542112 0.017947 -0.047508
v -0.538184 0.111688 0.182422
v -0.388664 0.294388 0.105382
v -0.642609 0.079869 -0.062312
v -0.616426 0.160113 0.171239
v -0.504464 0.365591 0.088088
v -0.743249 0.123206 -0.061124
v -0.705114 0.198456 0.172444
v -0.637384 0.422418 0.089231
v -0.837605 0.144821 -0.050933
v -0.799500 0.220077 0.182638
v -0.785177 0.455362 0.104493
v -0.920326 0.144100 -0.037812
v -0.895481 0.218971 0.197662
v -0.944542 0.452415 0.128613
v -0.991316 0.121824 -0.025879
v -0.990872 0.188696 0.213284
v -1.106988 0.400160 0.154372
v -1.057336 0.073201 -0.017367
v -1.084275 0.120273 0.224975
v -1.257190 0.290666 0.172657
v -1.128185 -0.023982 -0.016043
v -1.172475 0.001651 0.226964
v -1.376731 0.133323 0.175847
v -1.218282 -0.190241 -0.022535
v -1.268431 -0.174738 0.220190
v -1.483193 -0.061234 0.168569
v -1.289263 -0.334475 -0.029468
v -1.341592 -0.323418 0.213041
v -1.560844 -0.219071 0.160972
v -1.340352 -0.452004 -0.036560
v -1.395026 -0.446359 0.205616
v -1.618722 -0.352263 0.152920
v -1.376004 -0.547041 -0.043729
v -1.433041 -0.547681 0.197967
v -1.660676 -0.464069 0.144470
v -1.400800 -0.624600 -0.050984
v -1.459982 -0.631865 0.190087
v -1.690435 -0.556954 0.135769
v -1.419384 -0.690823 -0.058543
v -1.480215 -0.703774 0.181879
v -1.711657 -0.632271 0.127172
v -1.436573 -0.752615 -0.066885
v -1.498200 -0.768293 0.173171
v -1.727837 -0.690610 0.119292
v -1.457698 -0.815765 -0.076466
v -1.518592 -0.829336 0.163905
v -1.741962 -0.733645 0.112720
v -1.488144 -0.882175 -0.087032
v -1.545839 -0.888876 0.154416
v -1.756956 -0.766870 0.107354
v -1.531288 -0.950087 -0.097503
v -1.583280 -0.947775 0.145318
v -1.777714 -0.799405 0.102274
v -1.588216 -1.018583 -0.106961
v -1.633481 -1.008070 0.136988
v -1.811397 -0.839563 0.096714
v -1.671155 -1.098699 -0.116854
v -1.713129 -1.085252 0.127540
v -1.854498 -0.884164 0.092196
v -1.913227 -1.222014 -0.152499
v -1.958822 -1.210318 0.091335
v -2.021236 -0.971070 0.068188
v -2.220831 -1.243518 -0.213393
v -2.271464 -1.232375 0.029471
v -2.256478 -0.984629 0.021227
v -2.566289 -1.184143 -0.290491
v -2.619026 -1.172688 -0.048089
v -2.560202 -0.931424 -0.046692
v -2.943042 -1.064005 -0.379039
v -2.996220 -1.052416 -0.136741
v -2.912168 -0.818850 -0.129465
v -3.341811 -0.897934 -0.474346
v -3.394418 -0.886578 -0.231912
v -3.294745 -0.659388 -0.220926
v -3.751113 -0.699600 -0.571390
v -3.802343 -0.688904 -0.328631
v -3.692415 -0.466627 -0.315226
v -4.158473 -0.482477 -0.664956
v -4.207466 -0.472964 -0.421687
v -4.090610 -0.254353 -0.406701
v -4.551000 -0.260010 -0.749736
v -4.596604 -0.252407 -0.505742
v -4.475157 -0.036383 -0.489775
v -4.915684 -0.045607 -0.820376
v -4.956056 -0.041063 -0.575385
v -4.831984 0.173427 -0.558918
v -5.239679 0.147452 -0.871480
v -5.271315 0.146829 -0.625168
v -5.146829 0.361074 -0.608638
v -5.511002 0.306332 -0.897523
v -5.525588 0.295878 -0.649837
v -5.404488 0.512075 -0.633580
v -5.707304 0.412390 -0.892670
v -5.721890 0.401936 -0.644984
v -5.600790 0.618133 -0.628727
vn -0.069369 -0.705863 0.704917
vn -0.091525 -0.707022 0.701224
vn 0.029695 -0.999542 0.003357
vn 0.057833 -0.998260 0.010437
vn 0.133274 -0.706839 -0.694693
vn 0.151463 -0.705863 -0.691946
vn 0.113102 -0.993378 0.019318
vn -0.025727 -0.702017 0.711661
vn 0.186010 -0.702811 -0.686575
vn 0.162328 -0.986358 0.026887
vn 0.014649 -0.696249 0.717612
vn 0.215308 -0.698630 -0.682272
vn 0.200537 -0.979125 0.032472
vn 0.048189 -0.689932 0.722221
vn 0.235847 -0.694754 -0.679434
vn 0.222755 -0.974212 0.035524
vn 0.071078 -0.684866 0.725150
vn 0.244362 -0.692892 -0.678335
vn 0.224738 -0.973754 0.035859
vn 0.080081 -0.682760 0.726188
vn 0.238136 -0.694357 -0.679067
vn 0.203925 -0.978393 0.033601
vn 0.072970 -0.684378 0.725455
vn 0.215766 -0.699332 -0.681387
vn 0.160100 -0.986663 0.029237
vn 0.049074 -0.688864 0.723197
vn 0.177618 -0.706534 -0.685018
vn 0.096225 -0.995056 0.023377
vn 0.010041 -0.693991 0.719901
vn 0.126255 -0.713279 -0.689383
vn 0.018525 -0.999664 0.016816
vn -0.040071 -0.696951 0.715964
vn 0.066439 -0.716788 -0.694082
vn -0.064852 -0.997833 0.010224
vn -0.095676 -0.695761 0.711844
vn 0.004059 -0.715293 -0.698782
vn -0.140873 -0.989990 -0.005615
vn -0.161962 -0.688864 0.706534
vn -0.038331 -0.711020 -0.702078
vn -0.195715 -0.980499 -0.017731
vn -0.236732 -0.676046 0.697775
vn -0.042909 -0.710349 -0.702506
vn -0.226661 -0.973785 -0.018586
vn -0.295267 -0.663167 0.687704
vn -0.027985 -0.713523 -0.700064
vn -0.235450 -0.971740 -0.016511
vn -0.325205 -0.655965 0.681112
vn -0.009705 -0.717917 -0.696036
vn -0.221961 -0.975005 -0.009278
vn -0.327860 -0.655324 0.680441
vn 0.013123 -0.723380 -0.690298
vn -0.182958 -0.983093 0.004975
vn -0.300729 -0.660970 0.687490
vn 0.042512 -0.729484 -0.682638
vn -0.111057 -0.993408 0.027741
vn -0.236641 -0.670247 0.703360
vn 0.081606 -0.735160 -0.672903
vn 0.005707 -0.998260 0.058504
vn -0.123264 -0.675222 0.727226
vn 0.134648 -0.737541 -0.661702
vn 0.179357 -0.979614 0.090365
vn 0.051698 -0.656850 0.752220
vn 0.205084 -0.730216 -0.651692
vn 0.402966 -0.909177 0.104617
vn 0.281014 -0.585040 0.760735
vn 0.289193 -0.703879 -0.648732
vn 0.629688 -0.772759 0.079470
vn 0.516495 -0.443495 0.732475
vn 0.370006 -0.655354 -0.658437
vn 0.799646 -0.600208 0.016327
vn 0.696402 -0.261086 0.668447
vn 0.427351 -0.596332 -0.679495
vn 0.896603 -0.440596 -0.044374
vn 0.811487 -0.070406 0.580065
vn 0.442305 -0.572100 -0.690664
vn 0.955138 -0.273873 -0.112644
vn 0.894253 0.177007 0.411023
vn 0.425367 -0.627522 -0.652120
vn 0.951689 -0.096988 -0.291269
vn 0.881558 0.466231 0.073794
vn 0.429426 -0.717551 -0.548357
vn 0.844630 -0.014527 -0.535112
vn 0.703513 0.629200 -0.330302
vn 0.476302 -0.762291 -0.438185
vn 0.702170 -0.041536 -0.710776
vn 0.471755 0.631703 -0.615070
vn 0.524369 -0.762535 -0.378857
vn 0.585681 -0.097659 -0.804590
vn 0.289499 0.575854 -0.764550
vn 0.546861 -0.755272 -0.361156
vn 0.491989 -0.151097 -0.857356
vn 0.156560 0.516404 -0.841884
vn 0.546953 -0.755150 -0.361309
vn 0.405042 -0.202155 -0.891659
vn 0.049501 0.461501 -0.885739
vn 0.529771 -0.763909 -0.368419
vn 0.312601 -0.255776 -0.914762
vn -0.048738 0.408612 -0.911374
vn 0.496170 -0.781976 -0.377178
vn 0.204047 -0.316446 -0.926389
vn -0.150487 0.354045 -0.923032
vn 0.443434 -0.810205 -0.383221
vn 0.068117 -0.387463 -0.919340
vn -0.266152 0.295083 -0.917631
vn 0.366008 -0.849635 -0.379620
vn -0.104465 -0.467696 -0.877651
vn -0.403638 0.232459 -0.884854
vn 0.259133 -0.898953 -0.353099
vn -0.284402 -0.527024 -0.800836
vn -0.557085 0.170812 -0.812677
vn 0.167882 -0.935453 -0.310984
vn -0.419904 -0.564287 -0.710776
vn -0.710379 0.107364 -0.695547
vn 0.146306 -0.943632 -0.296823
vn -0.512467 -0.612781 -0.601489
vn -0.845790 0.032716 -0.532487
vn 0.158971 -0.937254 -0.310251
vn -0.577929 -0.671163 -0.464187
vn -0.941313 -0.051210 -0.333537
vn 0.165105 -0.931883 -0.322977
vn -0.605090 -0.731010 -0.315348
vn -0.983490 -0.132633 -0.122959
vn 0.166631 -0.929014 -0.330332
vn -0.596149 -0.784082 -0.172613
vn -0.976623 -0.201575 0.074282
vn -0.561266 -0.826350 -0.045778
vn -0.935728 -0.254036 0.244606
vn 0.168401 -0.931272 -0.323038
vn -0.510361 -0.857570 0.063692
vn -0.875393 -0.290933 0.386029
vn 0.174139 -0.934751 -0.309610
vn -0.449446 -0.879086 0.158666
vn -0.804895 -0.314920 0.502884
vn 0.185186 -0.938536 -0.291269
vn -0.380810 -0.892117 0.243080
vn -0.728629 -0.328410 0.600971
vn 0.202612 -0.941588 -0.268899
vn -0.304300 -0.897122 0.320170
vn -0.647694 -0.332865 0.685324
vn 0.227332 -0.942961 -0.243141
vn -0.218665 -0.893582 0.391980
vn -0.561632 -0.328501 0.759331
vn 0.260598 -0.941252 -0.214759
vn -0.138981 -0.883847 0.446608
vn -0.483749 -0.317820 0.815455
vn 0.292917 -0.936796 -0.191260
vn -0.086245 -0.873684 0.478713
vn -0.427839 -0.306650 0.850215
vn 0.310800 -0.933256 -0.180059
vn -0.044282 -0.862697 0.503739
vn -0.376263 -0.294565 0.878414
vn 0.319773 -0.931120 -0.175237
vn 0.008759 -0.847102 0.531327
vn -0.309122 -0.276955 0.909787
vn 0.329020 -0.928709 -0.170934
vn 0.078066 -0.824335 0.560625
vn -0.219428 -0.250710 0.942839
vn 0.338664 -0.925871 -0.167364
vn 0.170537 -0.790551 0.588153
vn -0.097873 -0.210822 0.972594
vn 0.348674 -0.922605 -0.164892
vn 0.293710 -0.740471 0.604480
vn 0.065188 -0.150639 0.986419
vn 0.358715 -0.918912 -0.164037
vn 0.449019 -0.670339 0.590747
vn 0.270974 -0.064364 0.960418
vn 0.367870 -0.915067 -0.165197
vn 0.619282 -0.584765 0.523942
vn 0.496719 0.044465 0.866756
vn 0.374706 -0.911771 -0.167974
vn 0.767724 -0.500412 0.400189
vn 0.695334 0.157323 0.701193
vn 0.378124 -0.909848 -0.170782
vn 0.865139 -0.435499 0.248665
vn 0.829218 0.251045 0.499313
vn 0.378735 -0.909421 -0.171667
vn 0.912290 -0.395276 0.106967
vn 0.897488 0.315561 0.308054
vn 0.379101 -0.909543 -0.170293
vn 0.924253 -0.379894 -0.037080
vn 0.920316 0.355693 0.162664
vn 0.385083 -0.897092 -0.216559
vn 0.913083 -0.336924 -0.229560
vn 0.918821 0.390881 0.053987
vn 0.381664 -0.846278 -0.371624
vn 0.861080 -0.222205 -0.457289
vn 0.893094 0.446333 -0.056185
vn 0.333445 -0.741478 -0.582202
vn 0.748253 -0.061495 -0.660512
vn 0.830592 0.531144 -0.167241
vn 0.233772 -0.605976 -0.760338
vn 0.590381 0.109653 -0.799615
vn 0.730522 0.633290 -0.255379
vn 0.106235 -0.475112 -0.873470
vn 0.417951 0.257454 -0.871181
vn 0.601947 0.735771 -0.310282
vn -0.014374 -0.378491 -0.925474
vn 0.250587 0.369152 -0.894925
vn 0.450392 0.827631 -0.334849
vn -0.104434 -0.323649 -0.940367
vn 0.091678 0.446303 -0.890164
vn 0.271706 0.902188 -0.334941
vn -0.153111 -0.303262 -0.940489
vn -0.063234 0.490890 -0.868892
vn 0.056063 0.947630 -0.314341
vn -0.153600 -0.303201 -0.940428
vn -0.215674 0.498306 -0.839717
vn -0.198798 0.939817 -0.277840
vn -0.100864 -0.301584 -0.948057
vn -0.352886 0.461806 -0.813715
vn -0.467238 0.851588 -0.237526
vn -0.002716 -0.269143 -0.963073
vn -0.449385 0.392071 -0.802667
vn -0.694021 0.688162 -0.211493
vn 0.108066 -0.188086 -0.976165
vn -0.476882 0.318888 -0.819056
vn -0.821009 0.532701 -0.205206
vn 0.179479 -0.102603 -0.978393
vn -0.475295 0.282815 -0.833094
vn -0.864589 0.457533 -0.207587
vn 0.202307 -0.062380 -0.977325
vn -0.483291 0.268960 -0.833094
vn -0.882870 0.420148 -0.209662
vn 0.210700 -0.044527 -0.976531
vn -0.490280 0.255043 -0.833369
vn -0.900754 0.378887 -0.212195
vn 0.220130 -0.022736 -0.975188
vn -0.494980 0.242653 -0.834315
vn -0.916593 0.336772 -0.215430
vn 0.229652 0.002564 -0.973266
vn -0.495193 0.235878 -0.836116
vn -0.927915 0.301798 -0.218726
vn 0.238319 0.029298 -0.970733
vn -0.488479 0.240883 -0.838649
vn -0.932035 0.287667 -0.220313
vn 0.245003 0.052217 -0.968108
vn -0.472579 0.263344 -0.840999
vn -0.925199 0.311136 -0.217109
vn 0.248238 0.063082 -0.966613
vn -0.446730 0.304453 -0.841243
vn -0.900449 0.382794 -0.206458
vn 0.245125 0.054445 -0.967925
vn -0.415052 0.356304 -0.837092
vn -0.850490 0.490524 -0.189734
vn 0.232124 0.026826 -0.972289
vn -0.385723 0.404767 -0.829035
vn -0.782098 0.598559 -0.173223
vn 0.209265 -0.009278 -0.977783
vn -0.370830 0.435926 -0.820002
vn -0.723014 0.671407 -0.162633
vn 0.182073 -0.041780 -0.982391
vn -0.261788 0.495071 -0.828455
vn -0.579943 0.801782 -0.144200
vn 0.169195 -0.053987 -0.984100
vn -0.025880 0.596606 -0.802087
vn -0.250679 0.963591 -0.092654
vn 0.183843 -0.047914 -0.981780
vn 0.193487 0.646687 -0.737754
vn 0.064943 0.997345 -0.032411
vn 0.203894 -0.044649 -0.977966
vn 0.317942 0.638844 -0.700522
vn 0.237922 0.971252 0.005799
vn 0.212348 -0.046052 -0.976074
vn 0.389691 0.622395 -0.678762
vn 0.338725 0.940397 0.029328
vn 0.214118 -0.046632 -0.975677
vn 0.432325 0.607929 -0.665914
vn 0.401440 0.914792 0.044252
vn 0.211829 -0.045717 -0.976226
vn 0.457625 0.597491 -0.658437
vn 0.442671 0.895016 0.053957
vn 0.206275 -0.043062 -0.977538
vn 0.471023 0.591327 -0.654561
vn 0.470565 0.880276 0.060335
vn 0.197272 -0.038301 -0.979583
vn 0.474410 0.589770 -0.653493
vn 0.489029 0.869869 0.064272
vn 0.183630 -0.030610 -0.982513
vn 0.466750 0.594012 -0.655171
vn 0.499588 0.863704 0.066286
vn 0.162511 -0.018250 -0.986511
vn 0.442335 0.607227 -0.659963
vn 0.501267 0.862728 0.066469
vn 0.127171 0.002655 -0.991852
vn 0.382488 0.638264 -0.668020
vn 0.487594 0.870571 0.065554
vn 0.058504 0.042146 -0.997375
vn 0.348766 0.675283 -0.649861
vn 0.475570 0.877255 0.065035
vn 0.012177 0.068178 -0.997589
vn 0.159001 0.000153 -0.987274
vn 0.156133 0.000000 -0.987732
vn 0.149724 -0.000549 -0.988708
vn 0.141850 -0.001679 -0.989868
vn 0.132664 -0.003418 -0.991150
vn 0.122471 -0.005646 -0.992431
vn 0.111698 -0.008179 -0.993683
vn 0.100925 -0.010590 -0.994812
vn 0.090854 -0.012482 -0.995758
vn 0.082156 -0.013611 -0.996521
vn 0.075350 -0.014039 -0.997040
vn 0.070833 -0.013733 -0.997375
vn 0.087802 -0.015809 -0.996002
vn 0.136998 -0.024293 -0.990265
vn 0.136967 -0.024293 -0.990265
vn 0.188726 -0.035493 -0.981353
vn 0.222968 -0.043764 -0.973815
vn 0.241096 -0.048067 -0.969298
vn 0.242927 -0.048402 -0.968810
vn 0.225623 -0.045839 -0.973113
vn 0.183691 -0.043855 -0.981994
vn 0.183660 -0.043855 -0.981994
vn 0.110477 -0.051363 -0.992523
vn 0.110416 -0.051363 -0.992553
vn 0.007385 -0.083651 -0.996460
vn 0.007294 -0.083682 -0.996460
vn -0.103458 -0.150334 -0.983184
vn -0.103427 -0.150304 -0.983184
vn -0.190435 -0.236702 -0.952727
vn -0.190344 -0.236579 -0.952757
vn -0.258492 -0.345256 -0.902188
vn -0.258492 -0.345286 -0.902158
vn -0.328745 -0.546831 -0.769951
vn -0.329264 -0.548906 -0.768273
vn -0.314768 -0.838710 -0.444380
vn -0.314280 -0.839900 -0.442427
vn -0.142582 -0.988586 -0.048219
vn -0.143986 -0.988281 -0.050233
vn 0.050203 -0.981964 0.182165
vn 0.049471 -0.982116 0.181494
vn 0.185949 -0.939177 0.288614
vn 0.185827 -0.939238 0.288552
vn 0.277230 -0.898404 0.340556
vn 0.340007 -0.866237 0.366008
vn 0.385510 -0.841792 0.377789
vn 0.420087 -0.823267 0.381726
vn 0.447096 -0.809503 0.380444
vn 0.467696 -0.799707 0.376415
vn 0.510514 -0.782800 0.355754
vn 0.510483 -0.782800 0.355754
vn 0.604633 -0.744377 0.283334
vn 0.604602 -0.744377 0.283364
vn 0.710135 -0.686178 0.157476
vn 0.710166 -0.686178 0.157414
vn 0.782495 -0.622578 0.006775
vn 0.813318 -0.562609 -0.148076
vn 0.813318 -0.562639 -0.148015
vn 0.808191 -0.513840 -0.287606
vn 0.808222 -0.513871 -0.287576
vn 0.780389 -0.478500 -0.402509
vn 0.780389 -0.478500 -0.402478
vn 0.741783 -0.455031 -0.492599
vn 0.741783 -0.455031 -0.492569
vn 0.699850 -0.440840 -0.561968
vn 0.658315 -0.433515 -0.615314
vn 0.618610 -0.431349 -0.656636
vn 0.581133 -0.433271 -0.688833
vn 0.548997 -0.437666 -0.712027
vn 0.522355 -0.443007 -0.728599
vn 0.492416 -0.450026 -0.744957
vn 0.492386 -0.450026 -0.744957
vn 0.451674 -0.460677 -0.764000
vn 0.395611 -0.477035 -0.784783
vn 0.317881 -0.502426 -0.804041
vn 0.317789 -0.502457 -0.804071
vn 0.211371 -0.541551 -0.813623
vn 0.211188 -0.541642 -0.813623
vn 0.073153 -0.599445 -0.797052
vn 0.072848 -0.599567 -0.796960
vn -0.084078 -0.675527 -0.732505
vn -0.084170 -0.675558 -0.732444
vn -0.225654 -0.755913 -0.614490
vn -0.225471 -0.755821 -0.614704
vn -0.320566 -0.822169 -0.470351
vn -0.320414 -0.822047 -0.470656
vn -0.367656 -0.868007 -0.333720
vn -0.367626 -0.867977 -0.333811
vn -0.378582 -0.886837 -0.264870
vn -0.380322 -0.874813 -0.299997
vn -0.380322 -0.874844 -0.299966
vn -0.395886 -0.839656 -0.371807
vn -0.395856 -0.839656 -0.371776
vn -0.422407 -0.803400 -0.419630
vn -0.442244 -0.782891 -0.437544
vn -0.437178 -0.786920 -0.435438
vn -0.394513 -0.812952 -0.428266
vn -0.394543 -0.812922 -0.428266
vn -0.304331 -0.851070 -0.427808
vn -0.304392 -0.851039 -0.427808
vn -0.155034 -0.883633 -0.441694
vn -0.155156 -0.883633 -0.441664
vn 0.061769 -0.878903 -0.472976
vn 0.061403 -0.878933 -0.472915
vn 0.326609 -0.793512 -0.513443
vn 0.325907 -0.793878 -0.513321
vn 0.573565 -0.614124 -0.542039
vn 0.572954 -0.614734 -0.542009
vn 0.711844 -0.441969 -0.545793
vn 0.711753 -0.442122 -0.545793
vn 0.754875 -0.366375 -0.543931
vn 0.773247 -0.328654 -0.542253
vn 0.792596 -0.284036 -0.539506
vn 0.810602 -0.236122 -0.535844
vn 0.824793 -0.192267 -0.531693
vn 0.832240 -0.166662 -0.528703
vn 0.829005 -0.177740 -0.530229
vn 0.829005 -0.177770 -0.530229
vn 0.808588 -0.235755 -0.539018
vn 0.808588 -0.235786 -0.539018
vn 0.764916 -0.329081 -0.553697
vn 0.702078 -0.428388 -0.568773
vn 0.702139 -0.428327 -0.568773
vn 0.633931 -0.512101 -0.579516
vn 0.633717 -0.512314 -0.579547
vn 0.518540 -0.613392 -0.595660
vn 0.517777 -0.613941 -0.595752
vn 0.308115 -0.712821 -0.630024
vn 0.308145 -0.712790 -0.629994
vn 0.103458 -0.737968 -0.666829
vn 0.103732 -0.737968 -0.666768
vn -0.016846 -0.719932 -0.693808
vn -0.016816 -0.719962 -0.693777
vn -0.087771 -0.698172 -0.710501
vn -0.133976 -0.679281 -0.721519
vn -0.133946 -0.679281 -0.721519
vn -0.167119 -0.663381 -0.729362
vn -0.193213 -0.649556 -0.735343
vn -0.215918 -0.636738 -0.740196
vn -0.238319 -0.623646 -0.744469
vn -0.264412 -0.608142 -0.748466
vn -0.303354 -0.585833 -0.751488
vn -0.327555 -0.571856 -0.752098
vn -0.159001 -0.000153 0.987274
vn -0.156133 0.000000 0.987732
vn -0.149724 0.000549 0.988708
vn -0.141850 0.001679 0.989868
vn -0.132664 0.003418 0.991150
vn -0.122471 0.005646 0.992431
vn -0.111698 0.008179 0.993683
vn -0.100955 0.010590 0.994812
vn -0.090854 0.012482 0.995758
vn -0.082156 0.013611 0.996521
vn -0.075350 0.014039 0.997040
vn -0.070650 0.013733 0.997375
vn -0.087405 0.015748 0.996033
vn -0.136937 0.024293 0.990265
vn -0.189032 0.035554 0.981323
vn -0.189001 0.035554 0.981323
vn -0.223121 0.043794 0.973785
vn -0.241157 0.048097 0.969268
vn -0.242836 0.048402 0.968841
vn -0.225288 0.045808 0.973205
vn -0.182806 0.043916 0.982147
vn -0.182775 0.043916 0.982147
vn -0.109012 0.051698 0.992676
vn -0.108951 0.051698 0.992676
vn -0.006195 0.084109 0.996429
vn -0.006165 0.084140 0.996429
vn 0.103427 0.150182 0.983215
vn 0.103427 0.150151 0.983215
vn 0.190832 0.237556 0.952422
vn 0.190771 0.237465 0.952452
vn 0.263009 0.357006 0.896268
vn 0.263009 0.357006 0.896298
vn 0.332713 0.572710 0.749168
vn 0.332896 0.573443 0.748527
vn 0.319163 0.838343 0.441877
vn 0.319010 0.838710 0.441298
vn 0.162755 0.983337 0.080813
vn 0.163244 0.983184 0.081545
vn -0.034608 0.985656 -0.165075
vn -0.034211 0.985717 -0.164708
vn -0.181005 0.941282 -0.284921
vn -0.180914 0.941313 -0.284860
vn -0.275765 0.899136 -0.339793
vn -0.275735 0.899136 -0.339793
vn -0.339488 0.866543 -0.365825
vn -0.385266 0.841914 -0.377758
vn -0.385296 0.841914 -0.377758
vn -0.419965 0.823328 -0.381695
vn -0.419996 0.823328 -0.381695
vn -0.447035 0.809534 -0.380444
vn -0.468245 0.799493 -0.376171
vn -0.512833 0.781976 -0.354228
vn -0.512772 0.781976 -0.354259
vn -0.606555 0.743431 -0.281655
vn -0.606555 0.743461 -0.281655
vn -0.710379 0.686026 -0.157170
vn -0.710410 0.685995 -0.157140
vn -0.782250 0.622883 -0.007569
vn -0.813196 0.563219 0.146428
vn -0.813196 0.563250 0.146397
vn -0.808435 0.514420 0.285958
vn -0.808435 0.514420 0.285928
vn -0.780786 0.478866 0.401288
vn -0.742149 0.455214 0.491867
vn -0.742149 0.455245 0.491836
vn -0.700156 0.440931 0.561541
vn -0.658528 0.433546 0.615101
vn -0.618763 0.431379 0.656514
vn -0.581256 0.433271 0.688742
vn -0.581286 0.433271 0.688711
vn -0.549089 0.437666 0.711966
vn -0.549120 0.437666 0.711966
vn -0.522294 0.443037 0.728629
vn -0.492203 0.450087 0.745048
vn -0.451247 0.460799 0.764183
vn -0.394665 0.477340 0.785058
vn -0.394635 0.477371 0.785058
vn -0.315836 0.503189 0.804376
vn -0.315775 0.503189 0.804376
vn -0.207617 0.543138 0.813532
vn -0.207495 0.543168 0.813532
vn -0.068575 0.601520 0.795862
vn -0.068392 0.601611 0.795831
vn 0.086184 0.676351 0.731468
vn 0.086215 0.676382 0.731437
vn 0.224250 0.754814 0.616352
vn 0.224158 0.754753 0.616474
vn 0.318583 0.820643 0.474319
vn 0.318522 0.820582 0.474471
vn 0.366527 0.866604 0.338481
vn 0.366527 0.866604 0.338542
vn 0.378185 0.886410 0.266854
vn 0.378185 0.886410 0.266884
vn 0.380352 0.875027 0.299387
vn 0.380352 0.875027 0.299356
vn 0.396130 0.839290 0.372326
vn 0.396130 0.839290 0.372295
vn 0.422864 0.802820 0.420240
vn 0.442427 0.782678 0.437757
vn 0.436415 0.787408 0.435286
vn 0.392224 0.814112 0.428205
vn 0.392224 0.814081 0.428205
vn 0.299264 0.852657 0.428236
vn 0.299295 0.852626 0.428205
vn 0.145787 0.884548 0.443007
vn 0.145878 0.884548 0.443007
vn -0.072573 0.877163 0.474593
vn -0.072420 0.877194 0.474593
vn -0.330668 0.791681 0.513688
vn -0.330393 0.791803 0.513627
vn -0.566271 0.621601 0.541215
vn -0.565966 0.621906 0.541185
vn -0.705344 0.451827 0.546159
vn -0.705283 0.451949 0.546159
vn -0.753929 0.368206 0.544023
vn -0.773309 0.328532 0.542253
vn -0.792627 0.283944 0.539506
vn -0.810511 0.236335 0.535874
vn -0.824610 0.192907 0.531754
vn -0.832240 0.166753 0.528733
vn -0.829890 0.174871 0.529740
vn -0.829890 0.174902 0.529740
vn -0.810724 0.230354 0.538133
vn -0.810724 0.230415 0.538133
vn -0.766167 0.326609 0.553392
vn -0.766198 0.326579 0.553392
vn -0.700736 0.430189 0.569079
vn -0.700827 0.430097 0.569048
vn -0.639882 0.506180 0.578173
vn -0.639576 0.506516 0.578204
vn -0.529069 0.605457 0.594501
vn -0.527635 0.606555 0.594684
vn -0.306833 0.712607 0.630848
vn -0.306864 0.712607 0.630848
vn -0.098575 0.737968 0.667562
vn -0.098880 0.737999 0.667501
vn 0.018067 0.719687 0.694021
vn 0.018036 0.719687 0.694021
vn 0.088107 0.698050 0.710593
vn 0.134068 0.679220 0.721549
vn 0.167150 0.663350 0.729362
vn 0.193243 0.649525 0.735343
vn 0.215949 0.636738 0.740196
vn 0.238289 0.623676 0.744438
vn 0.264260 0.608234 0.748436
vn 0.264260 0.608264 0.748436
vn 0.303262 0.585925 0.751457
vn 0.327555 0.571886 0.752068
vn -0.029298 0.999542 -0.005921
vn -0.058260 0.998260 -0.007874
vn 0.069338 0.705863 -0.704917
vn 0.091525 0.707022 -0.701224
vn -0.133274 0.706839 0.694693
vn -0.151463 0.705863 0.691946
vn -0.113651 0.993378 -0.016083
vn 0.025666 0.702017 -0.711661
vn -0.186071 0.702811 0.686575
vn -0.163030 0.986328 -0.023011
vn -0.014740 0.696249 -0.717612
vn -0.215369 0.698630 0.682272
vn -0.201300 0.979125 -0.027985
vn -0.048311 0.689901 -0.722251
vn -0.235939 0.694754 0.679403
vn -0.223426 0.974212 -0.030641
vn -0.071169 0.684866 -0.725150
vn -0.244362 0.692892 0.678335
vn -0.225227 0.973785 -0.030793
vn -0.080081 0.682760 -0.726188
vn -0.238044 0.694388 0.679067
vn -0.204169 0.978484 -0.028687
vn -0.072848 0.684378 -0.725425
vn -0.215552 0.699393 0.681417
vn -0.160161 0.986755 -0.024842
vn -0.048860 0.688894 -0.723197
vn -0.177343 0.706565 0.685018
vn -0.096225 0.995148 -0.019807
vn -0.009827 0.693991 -0.719871
vn -0.126041 0.713279 0.689413
vn -0.018586 0.999725 -0.014222
vn 0.040193 0.696951 -0.715964
vn -0.066378 0.716788 0.694082
vn 0.064699 0.997864 -0.008637
vn 0.095950 0.695730 -0.711814
vn -0.004364 0.715323 0.698752
vn 0.142277 0.989746 -0.011261
vn 0.162175 0.688833 -0.706534
vn 0.037996 0.711051 0.702078
vn 0.199438 0.979827 -0.010498
vn 0.236488 0.676077 -0.697806
vn 0.042879 0.710349 0.702506
vn 0.230232 0.973113 -0.001068
vn 0.294931 0.663259 -0.687796
vn 0.027985 0.713492 0.700064
vn 0.238136 0.971191 0.004486
vn 0.325083 0.655995 -0.681143
vn 0.009735 0.717917 0.696036
vn 0.223243 0.974731 0.004578
vn 0.327982 0.655293 -0.680410
vn -0.013062 0.723350 0.690329
vn 0.182623 0.983154 -0.001740
vn 0.301248 0.660878 -0.687338
vn -0.042421 0.729453 0.682669
vn 0.109256 0.993896 -0.014771
vn 0.238044 0.670125 -0.703024
vn -0.081393 0.735160 0.672964
vn -0.007965 0.999420 -0.032746
vn 0.126347 0.675283 -0.726615
vn -0.134251 0.737571 0.661763
vn -0.180181 0.982391 -0.048799
vn -0.046937 0.657796 -0.751701
vn -0.204596 0.730308 0.651723
vn -0.400861 0.914823 -0.048433
vn -0.277779 0.586383 -0.760888
vn -0.288980 0.703970 0.648762
vn -0.623951 0.781213 -0.018830
vn -0.517319 0.442732 -0.732353
vn -0.370220 0.655171 0.658528
vn -0.790674 0.611164 0.035310
vn -0.697806 0.259316 -0.667684
vn -0.427747 0.595813 0.679708
vn -0.874294 0.472549 0.110691
vn -0.808313 0.076693 -0.583667
vn -0.442183 0.572771 0.690207
vn -0.898373 0.378552 0.222663
vn -0.890011 -0.158422 -0.427503
vn -0.424970 0.629292 0.650655
vn -0.879330 0.280862 0.384472
vn -0.883145 -0.462874 -0.075838
vn -0.428877 0.717490 0.548845
vn -0.805322 0.184790 0.563280
vn -0.688345 -0.633351 0.353526
vn -0.474960 0.761834 0.440443
vn -0.696097 0.147679 0.702567
vn -0.457350 -0.629109 0.628498
vn -0.523576 0.762627 0.379772
vn -0.593799 0.158605 0.788781
vn -0.284616 -0.573962 0.767785
vn -0.546739 0.755333 0.361278
vn -0.502152 0.187872 0.844081
vn -0.155095 -0.515671 0.842616
vn -0.547014 0.755120 0.361309
vn -0.414258 0.226264 0.881558
vn -0.049104 -0.461287 0.885861
vn -0.529923 0.763848 0.368358
vn -0.320627 0.272652 0.907102
vn 0.048677 -0.408612 0.911374
vn -0.496445 0.781823 0.377148
vn -0.211188 0.328776 0.920469
vn 0.150060 -0.354259 0.923002
vn -0.443953 0.809931 0.383221
vn -0.074862 0.396496 0.914945
vn 0.265175 -0.295511 0.917753
vn -0.366985 0.849147 0.379772
vn 0.099734 0.474624 0.874508
vn 0.402509 -0.232948 0.885250
vn -0.258827 0.899136 0.352824
vn 0.265389 0.556383 0.787378
vn 0.556017 -0.171239 0.813318
vn -0.166601 0.935911 0.310282
vn 0.373699 0.619953 0.689871
vn 0.709311 -0.107883 0.696554
vn -0.146001 0.943754 0.296579
vn 0.454512 0.668050 0.589160
vn 0.845302 -0.033052 0.533219
vn -0.158971 0.937254 0.310251
vn 0.515458 0.720939 0.463149
vn 0.941496 0.051424 0.332987
vn -0.165105 0.931883 0.322947
vn 0.546342 0.771996 0.324778
vn 0.983612 0.133244 0.121281
vn -0.166601 0.929014 0.330332
vn 0.546373 0.815943 0.188849
vn 0.976348 0.202185 -0.076174
vn -0.166631 0.929014 0.330332
vn 0.521683 0.850642 0.064974
vn 0.935240 0.254433 -0.246040
vn -0.168371 0.931242 0.323069
vn 0.479720 0.876278 -0.044160
vn 0.874905 0.291147 -0.386914
vn -0.174108 0.934751 0.309671
vn 0.425794 0.893887 -0.140202
vn 0.804559 0.315012 -0.503403
vn -0.185156 0.938505 0.291330
vn 0.362285 0.904202 -0.226020
vn 0.728416 0.328440 -0.601215
vn -0.202551 0.941588 0.268960
vn 0.289560 0.907407 -0.304544
vn 0.647603 0.332865 -0.685385
vn -0.227241 0.942961 0.243202
vn 0.206275 0.902554 -0.377911
vn 0.561205 0.328440 -0.759667
vn -0.260628 0.941221 0.214728
vn 0.130100 0.890378 -0.436201
vn 0.483108 0.317698 -0.815851
vn -0.293069 0.936766 0.191168
vn 0.079012 0.879665 -0.468917
vn 0.427717 0.306650 -0.850276
vn -0.310862 0.933226 0.179998
vn 0.035707 0.870785 -0.490310
vn 0.376629 0.294626 -0.878231
vn -0.319773 0.931120 0.175237
vn -0.019044 0.858211 -0.512894
vn 0.309824 0.277169 -0.909482
vn -0.329020 0.928709 0.170934
vn -0.089724 0.840052 -0.534989
vn 0.220923 0.251167 -0.942381
vn -0.338664 0.925871 0.167364
vn -0.182226 0.813410 -0.552385
vn 0.101047 0.211951 -0.972015
vn -0.348674 0.922605 0.164892
vn -0.302133 0.774224 -0.556078
vn -0.059511 0.152867 -0.986450
vn -0.358715 0.918882 0.164037
vn -0.449751 0.718589 -0.530351
vn -0.264412 0.067324 -0.962035
vn -0.367901 0.915036 0.165197
vn -0.609699 0.646443 -0.458632
vn -0.494339 -0.043245 -0.868191
vn -0.374737 0.911771 0.168004
vn -0.749168 0.566820 -0.342692
vn -0.697989 -0.159001 -0.698172
vn -0.378155 0.909818 0.170812
vn -0.842586 0.496658 -0.208228
vn -0.832118 -0.253365 -0.493301
vn -0.378735 0.909421 0.171667
vn -0.890713 0.446730 -0.083621
vn -0.898770 -0.317179 -0.302622
vn -0.378918 0.909818 0.169195
vn -0.921720 0.385968 0.037324
vn -0.920499 -0.356334 -0.160100
vn -0.384869 0.898282 0.211951
vn -0.928312 0.303873 0.214087
vn -0.918943 -0.390515 -0.054598
vn -0.382031 0.848048 0.367168
vn -0.875790 0.192541 0.442579
vn -0.893582 -0.445509 0.054842
vn -0.333415 0.741722 0.581927
vn -0.757653 0.040986 0.651326
vn -0.831141 -0.530534 0.166478
vn -0.231880 0.603992 0.762474
vn -0.590869 -0.116611 0.798273
vn -0.730796 -0.633076 0.255196
vn -0.102847 0.472030 0.875546
vn -0.410138 -0.248482 0.877499
vn -0.602313 -0.735496 0.310190
vn 0.017457 0.376232 0.926359
vn -0.236854 -0.342235 0.909238
vn -0.451643 -0.826960 0.334788
vn 0.106357 0.322581 0.940519
vn -0.076144 -0.397656 0.914335
vn -0.274697 -0.901212 0.335093
vn 0.153813 0.302988 0.940489
vn 0.072054 -0.415845 0.906552
vn -0.061068 -0.947142 0.314920
vn 0.152959 0.303171 0.940550
vn 0.203528 -0.398144 0.894436
vn 0.194250 -0.940550 0.278542
vn 0.099033 0.301218 0.948363
vn 0.307260 -0.354656 0.883053
vn 0.467269 -0.851527 0.237709
vn 0.001160 0.268441 0.963286
vn 0.377789 -0.305490 0.874020
vn 0.699362 -0.682791 0.211249
vn -0.107486 0.189001 0.976074
vn 0.433943 -0.284371 0.854854
vn 0.824793 -0.526902 0.204993
vn -0.178289 0.104190 0.978423
vn 0.462203 -0.275246 0.842952
vn 0.865139 -0.456526 0.207587
vn -0.202094 0.062716 0.977325
vn 0.467147 -0.262185 0.844386
vn 0.882839 -0.420209 0.209662
vn -0.210700 0.044496 0.976531
vn 0.472060 -0.248543 0.845790
vn 0.900754 -0.378887 0.212195
vn -0.220161 0.022706 0.975188
vn 0.476363 -0.237068 0.846675
vn 0.916654 -0.336558 0.215430
vn -0.229652 -0.002564 0.973235
vn 0.480117 -0.232032 0.845943
vn 0.928037 -0.301462 0.218757
vn -0.238289 -0.029206 0.970733
vn 0.483383 -0.240059 0.841823
vn 0.931913 -0.288125 0.220252
vn -0.244942 -0.052034 0.968108
vn 0.484512 -0.268044 0.832667
vn 0.924345 -0.314005 0.216712
vn -0.248238 -0.063082 0.966613
vn 0.477737 -0.316874 0.819330
vn 0.898831 -0.386853 0.205847
vn -0.245308 -0.054842 0.967864
vn 0.456801 -0.375500 0.806391
vn 0.849910 -0.491653 0.189489
vn -0.232337 -0.027223 0.972228
vn 0.424116 -0.426374 0.798914
vn 0.783441 -0.596698 0.173467
vn -0.209265 0.009247 0.977813
vn 0.389172 -0.463851 0.795831
vn 0.712821 -0.682485 0.161382
vn -0.181890 0.041993 0.982391
vn 0.300912 -0.564013 0.768944
vn 0.562548 -0.814508 0.141697
vn -0.169073 0.054109 0.984100
vn 0.064699 -0.684927 0.725700
vn 0.252052 -0.963225 0.093020
vn -0.183874 0.047884 0.981780
vn -0.180731 -0.698080 0.692801
vn -0.056795 -0.997772 0.034089
vn -0.203833 0.044649 0.977966
vn -0.317240 -0.668874 0.672262
vn -0.235908 -0.971740 -0.005341
vn -0.212348 0.046052 0.976104
vn -0.391675 -0.641255 0.659780
vn -0.338176 -0.940611 -0.029206
vn -0.214118 0.046632 0.975677
vn -0.434767 -0.620960 0.652181
vn -0.401257 -0.914884 -0.044191
vn -0.211829 0.045717 0.976226
vn -0.460036 -0.607288 0.647694
vn -0.442610 -0.895077 -0.053957
vn -0.206275 0.043062 0.977538
vn -0.473403 -0.599384 0.645436
vn -0.470534 -0.880306 -0.060335
vn -0.197272 0.038301 0.979583
vn -0.476882 -0.597095 0.645009
vn -0.489029 -0.869869 -0.064272
vn -0.183630 0.030610 0.982513
vn -0.469680 -0.601550 0.646138
vn -0.499588 -0.863704 -0.066286
vn -0.162603 0.018311 0.986511
vn -0.446730 -0.616352 0.648457
vn -0.501297 -0.862697 -0.066469
vn -0.127628 -0.002411 0.991791
vn -0.390423 -0.652882 0.649068
vn -0.487625 -0.870540 -0.065554
vn -0.058901 -0.041932 0.997375
vn -0.340495 -0.660848 0.668783
vn -0.475570 -0.877255 -0.065004
vn -0.012177 -0.068178 0.997589
usemtl 
s 1
f 4//1 1//2 2//3 5//4
f 3//5 6//6 5//4 2//3
f 5//4 8//7 7//8 4//1
f 6//6 9//9 8//7 5//4
f 8//7 11//10 10//11 7//8
f 9//9 12//12 11//10 8//7
f 11//10 14//13 13//14 10//11
f 12//12 15//15 14//13 11//10
f 14//13 17//16 16//17 13//14
f 15//15 18//18 17//16 14//13
f 17//16 20//19 19//20 16//17
f 18//18 21//21 20//19 17//16
f 20//19 23//22 22//23 19//20
f 21//21 24//24 23//22 20//19
f 23//22 26//25 25//26 22//23
f 24//24 27//27 26//25 23//22
f 26//25 29//28 28//29 25//26
f 27//27 30//30 29//28 26//25
f 29//28 32//31 31//32 28//29
f 30//30 33//33 32//31 29//28
f 32//31 35//34 34//35 31//32
f 33//33 36//36 35//34 32//31
f 35//34 38//37 37//38 34//35
f 36//36 39//39 38//37 35//34
f 38//37 41//40 40//41 37//38
f 39//39 42//42 41//40 38//37
f 41//40 44//43 43//44 40//41
f 42//42 45//45 44//43 41//40
f 44//43 47//46 46//47 43//44
f 45//45 48//48 47//46 44//43
f 47//46 50//49 49//50 46//47
f 48//48 51//51 50//49 47//46
f 50//49 53//52 52//53 49//50
f 51//51 54//54 53//52 50//49
f 53//52 56//55 55//56 52//53
f 54//54 57//57 56//55 53//52
f 56//55 59//58 58//59 55//56
f 57//57 60//60 59//58 56//55
f 59//58 62//61 61//62 58//59
f 60//60 63//63 62//61 59//58
f 62//61 65//64 64//65 61//62
f 63//63 66//66 65//64 62//61
f 65//64 68//67 67//68 64//65
f 66//66 69//69 68//67 65//64
f 68//67 71//70 70//71 67//68
f 69//69 72//72 71//70 68//67
f 71//70 74//73 73//74 70//71
f 72//72 75//75 74//73 71//70
f 74//73 77//76 76//77 73//74
f 75//75 78//78 77//76 74//73
f 77//76 80//79 79//80 76//77
f 78//78 81//81 80//79 77//76
f 80//79 83//82 82//83 79//80
f 81//81 84//84 83//82 80//79
f 83//82 86//85 85//86 82//83
f 84//84 87//87 86//85 83//82
f 86//85 89//88 88//89 85//86
f 87//87 90//90 89//88 86//85
f 89//88 92//91 91//92 88//89
f 90//90 93//93 92//91 89//88
f 92//91 95//94 94//95 91//92
f 93//93 96//96 95//94 92//91
f 95//94 98//97 97//98 94//95
f 96//96 99//99 98//97 95//94
f 98//97 101//100 100//101 97//98
f 99//99 102//102 101//100 98//97
f 101//100 104//103 103//104 100//101
f 102//102 105//105 104//103 101//100
f 104//103 107//106 106//107 103//104
f 105//105 108//108 107//106 104//103
f 107//106 110//109 109//110 106//107
f 108//108 111//111 110//109 107//106
f 110//109 113//112 112//113 109//110
f 111//111 114//114 113//112 110//109
f 113//112 116//115 115//116 112//113
f 114//114 117//117 116//115 113//112
f 116//115 119//118 118//119 115//116
f 117//117 120//120 119//118 116//115
f 119//118 122//121 121//122 118//119
f 120//120 123//123 122//121 119//118
f 122//121 125//124 124//125 121//122
f 123//123 126//123 125//124 122//121
f 125//124 128//126 127//127 124//125
f 126//123 129//128 128//126 125//124
f 128//126 131//129 130//130 127//127
f 129//128 132//131 131//129 128//126
f 131//129 134//132 133//133 130//130
f 132//131 135//134 134//132 131//129
f 134//132 137//135 136//136 133//133
f 135//134 138//137 137//135 134//132
f 137//135 140//138 139//139 136//136
f 138//137 141//140 140//138 137//135
f 140//138 143//141 142//142 139//139
f 141//140 144//143 143//141 140//138
f 143//141 146//144 145//145 142//142
f 144//143 147//146 146//144 143//141
f 146//144 149//147 148//148 145//145
f 147//146 150//149 149//147 146//144
f 149//147 152//150 151//151 148//148
f 150//149 153//152 152//150 149//147
f 152//150 155//153 154//154 151//151
f 153//152 156//155 155//153 152//150
f 155//153 158//156 157//157 154//154
f 156//155 159//158 158//156 155//153
f 158//156 161//159 160//160 157//157
f 159//158 162//161 161//159 158//156
f 161//159 164//162 163//163 160//160
f 162//161 165//164 164//162 161//159
f 164//162 167//165 166//166 163//163
f 165//164 168//167 167//165 164//162
f 167//165 170//168 169//169 166//166
f 168//167 171//170 170//168 167//165
f 170//168 173//171 172//172 169//169
f 171//170 174//173 173//171 170//168
f 173//171 176//174 175//175 172//172
f 174//173 177//176 176//174 173//171
f 176//174 179//177 178//178 175//175
f 177//176 180//179 179//177 176//174
f 179//177 182//180 181//181 178//178
f 180//179 183//182 182//180 179//177
f 182//180 185//183 184//184 181//181
f 183//182 186//185 185//183 182//180
f 185//183 188//186 187//187 184//184
f 186//185 189//188 188//186 185//183
f 188//186 191//189 190//190 187//187
f 189//188 192//191 191//189 188//186
f 191//189 194//192 193//193 190//190
f 192//191 195//194 194//192 191//189
f 194//192 197//195 196//196 193//193
f 195//194 198//197 197//195 194//192
f 197//195 200//198 199//199 196//196
f 198//197 201//200 200//198 197//195
f 200//198 203//201 202//202 199//199
f 201//200 204//203 203//201 200//198
f 203//201 206//204 205//205 202//202
f 204//203 207//206 206//204 203//201
f 206//204 209//207 208//208 205//205
f 207//206 210//209 209//207 206//204
f 209//207 212//210 211//211 208//208
f 210//209 213//212 212//210 209//207
f 212//210 215//213 214//214 211//211
f 213//212 216//215 215//213 212//210
f 215//213 218//216 217//217 214//214
f 216//215 219//218 218//216 215//213
f 218//216 221//219 220//220 217//217
f 219//218 222//221 221//219 218//216
f 221//219 224//222 223//223 220//220
f 222//221 225//224 224//222 221//219
f 224//222 227//225 226//226 223//223
f 225//224 228//227 227//225 224//222
f 227//225 230//228 229//229 226//226
f 228//227 231//230 230//228 227//225
f 230//228 233//231 232//232 229//229
f 231//230 234//233 233//231 230//228
f 233//231 236//234 235//235 232//232
f 234//233 237//236 236//234 233//231
f 236//234 239//237 238//238 235//235
f 237//236 240//239 239//237 236//234
f 239//237 242//240 241//241 238//238
f 240//239 243//242 242//240 239//237
f 242//240 245//243 244//244 241//241
f 243//242 246//245 245//243 242//240
f 245//243 248//246 247//247 244//244
f 246//245 249//248 248//246 245//243
f 248//246 251//249 250//250 247//247
f 249//248 252//251 251//249 248//246
f 251//249 254//252 253//253 250//250
f 252//251 255//254 254//252 251//249
f 254//252 257//255 256//256 253//253
f 255//254 258//257 257//255 254//252
f 257//255 260//258 259//259 256//256
f 258//257 261//260 260//258 257//255
f 260//258 263//261 262//262 259//259
f 261//260 264//263 263//261 260//258
f 263//261 266//264 265//265 262//262
f 264//263 267//266 266//264 263//261
f 266//264 269//267 268//268 265//265
f 267//266 270//269 269//267 266//264
f 269//267 272//270 271//271 268//268
f 270//269 273//272 272//270 269//267
f 272//270 275//273 274//274 271//271
f 273//272 276//275 275//273 272//270
f 275//273 278//276 277//277 274//274
f 276//275 279//278 278//276 275//273
f 278//276 281//279 280//280 277//277
f 279//278 282//281 281//279 278//276
f 281//279 284//282 283//283 280//280
f 282//281 285//284 284//282 281//279
f 284//282 287//285 286//286 283//283
f 285//284 288//287 287//285 284//282
f 287//285 290//288 289//289 286//286
f 288//287 291//290 290//288 287//285
f 293//291 295//292 294//292 292//291
f 295//292 297//293 296//293 294//292
f 297//293 299//294 298//294 296//293
f 299//294 301//295 300//295 298//294
f 301//295 303//296 302//296 300//295
f 303//296 305//297 304//297 302//296
f 305//297 307//298 306//298 304//297
f 307//298 309//299 308//299 306//298
f 309//299 311//300 310//300 308//299
f 311//300 313//301 312//301 310//300
f 313//301 315//302 314//302 312//301
f 315//302 317//303 316//303 314//302
f 317//303 319//304 318//305 316//303
f 319//304 321//306 320//306 318//305
f 321//306 323//307 322//307 320//306
f 323//307 325//308 324//308 322//307
f 325//308 327//309 326//309 324//308
f 327//309 329//310 328//310 326//309
f 329//310 331//311 330//312 328//310
f 331//311 333//313 332//314 330//312
f 333//313 335//315 334//316 332//314
f 335//315 337//317 336//318 334//316
f 337//317 339//319 338//320 336//318
f 339//319 341//321 340//322 338//320
f 341//321 343//323 342//324 340//322
f 343//323 345//325 344//326 342//324
f 345//325 347//327 346//328 344//326
f 347//327 349//329 348//330 346//328
f 349//329 351//331 350//332 348//330
f 351//331 353//333 352//333 350//332
f 353//333 355//334 354//334 352//333
f 355//334 357//335 356//335 354//334
f 357//335 359//336 358//336 356//335
f 359//336 361//337 360//337 358//336
f 361//337 363//338 362//338 360//337
f 363//338 365//339 364//340 362//338
f 365//339 367//341 366//342 364//340
f 367//341 369//343 368//344 366//342
f 369//343 371//345 370//345 368//344
f 371//345 373//346 372//347 370//345
f 373//346 375//348 374//349 372//347
f 375//348 377//350 376//351 374//349
f 377//350 379//352 378//353 376//351
f 379//352 381//354 380//354 378//353
f 381//354 383//355 382//355 380//354
f 383//355 385//356 384//356 382//355
f 385//356 387//357 386//357 384//356
f 387//357 389//358 388//358 386//357
f 389//358 391//359 390//359 388//358
f 391//359 393//360 392//361 390//359
f 393//360 395//362 394//362 392//361
f 395//362 397//363 396//363 394//362
f 397//363 399//364 398//365 396//363
f 399//364 401//366 400//367 398//365
f 401//366 403//368 402//369 400//367
f 403//368 405//370 404//371 402//369
f 405//370 407//372 406//373 404//371
f 407//372 409//374 408//375 406//373
f 409//374 411//376 410//377 408//375
f 411//376 413//378 412//378 410//377
f 413//378 415//379 414//380 412//378
f 415//379 417//381 416//382 414//380
f 417//381 419//383 418//383 416//382
f 419//383 421//384 420//384 418//383
f 421//384 423//385 422//385 420//384
f 423//385 425//386 424//387 422//385
f 425//386 427//388 426//389 424//387
f 427//388 429//390 428//391 426//389
f 429//390 431//392 430//393 428//391
f 431//392 433//394 432//395 430//393
f 433//394 435//396 434//397 432//395
f 435//396 437//398 436//399 434//397
f 437//398 439//400 438//400 436//399
f 439//400 441//401 440//401 438//400
f 441//401 443//402 442//402 440//401
f 443//402 445//403 444//403 442//402
f 445//403 447//404 446//404 444//403
f 447//404 449//405 448//405 446//404
f 449//405 451//406 450//407 448//405
f 451//406 453//408 452//409 450//407
f 453//408 455//410 454//410 452//409
f 455//410 457//411 456//412 454//410
f 457//411 459//413 458//414 456//412
f 459//413 461//415 460//416 458//414
f 461//415 463//417 462//418 460//416
f 463//417 465//419 464//420 462//418
f 465//419 467//421 466//422 464//420
f 467//421 469//423 468//423 466//422
f 469//423 471//424 470//425 468//423
f 471//424 473//426 472//426 470//425
f 473//426 475//427 474//427 472//426
f 475//427 477//428 476//428 474//427
f 477//428 479//429 478//429 476//428
f 479//429 481//430 480//430 478//429
f 481//430 483//431 482//431 480//430
f 483//431 485//432 484//432 482//431
f 487//433 489//434 488//434 486//433
f 489//434 491//435 490//435 488//434
f 491//435 493//436 492//436 490//435
f 493//436 495//437 494//437 492//436
f 495//437 497//438 496//438 494//437
f 497//438 499//439 498//439 496//438
f 499//439 501//440 500//440 498//439
f 501//440 503//441 502//441 500//440
f 503//441 505//442 504//442 502//441
f 505//442 507//443 506//443 504//442
f 507//443 509//444 508//444 506//443
f 509//444 511//445 510//445 508//444
f 511//445 513//446 512//446 510//445
f 513//446 515//447 514//448 512//446
f 515//447 517//449 516//449 514//448
f 517//449 519//450 518//450 516//449
f 519//450 521//451 520//451 518//450
f 521//451 523//452 522//452 520//451
f 523//452 525//453 524//454 522//452
f 525//453 527//455 526//456 524//454
f 527//455 529//457 528//458 526//456
f 529//457 531//459 530//460 528//458
f 531//459 533//461 532//462 530//460
f 533//461 535//463 534//464 532//462
f 535//463 537//465 536//466 534//464
f 537//465 539//467 538//468 536//466
f 539//467 541//469 540//470 538//468
f 541//469 543//471 542//472 540//470
f 543//471 545//473 544//474 542//472
f 545//473 547//475 546//476 544//474
f 547//475 549//477 548//477 546//476
f 549//477 551//478 550//479 548//477
f 551//478 553//480 552//481 550//479
f 553//480 555//482 554//482 552//481
f 555//482 557//483 556//483 554//482
f 557//483 559//484 558//485 556//483
f 559//484 561//486 560//487 558//485
f 561//486 563//488 562//489 560//487
f 563//488 565//490 564//490 562//489
f 565//490 567//491 566//492 564//490
f 567//491 569//493 568//494 566//492
f 569//493 571//495 570//495 568//494
f 571//495 573//496 572//497 570//495
f 573//496 575//498 574//498 572//497
f 575//498 577//499 576//499 574//498
f 577//499 579//500 578//500 576//499
f 579//500 581//501 580//502 578//500
f 581//501 583//503 582//504 580//502
f 583//503 585//505 584//505 582//504
f 585//505 587//506 586//506 584//505
f 587//506 589//507 588//507 586//506
f 589//507 591//508 590//509 588//507
f 591//508 593//510 592//511 590//509
f 593//510 595//512 594//513 592//511
f 595//512 597//514 596//515 594//513
f 597//514 599//516 598//517 596//515
f 599//516 601//518 600//519 598//517
f 601//518 603//520 602//521 600//519
f 603//520 605//522 604//523 602//521
f 605//522 607//524 606//525 604//523
f 607//524 609//526 608//527 606//525
f 609//526 611//528 610//529 608//527
f 611//528 613//530 612//530 610//529
f 613//530 615//531 614//531 612//530
f 615//531 617//532 616//532 614//531
f 617//532 619//533 618//534 616//532
f 619//533 621//535 620//536 618//534
f 621//535 623//537 622//538 620//536
f 623//537 625//539 624//540 622//538
f 625//539 627//541 626//542 624//540
f 627//541 629//543 628//544 626//542
f 629//543 631//545 630//546 628//544
f 631//545 633//547 632//547 630//546
f 633//547 635//548 634//548 632//547
f 635//548 637//549 636//549 634//548
f 637//549 639//550 638//550 636//549
f 639//550 641//551 640//551 638//550
f 641//551 643//552 642//552 640//551
f 643//552 645//553 644//554 642//552
f 645//553 647//555 646//556 644//554
f 647//555 649//557 648//558 646//556
f 649//557 651//559 650//560 648//558
f 651//559 653//561 652//562 650//560
f 653//561 655//563 654//564 652//562
f 655//563 657//565 656//566 654//564
f 657//565 659//567 658//568 656//566
f 659//567 661//569 660//570 658//568
f 661//569 663//571 662//571 660//570
f 663//571 665//572 664//572 662//571
f 665//572 667//573 666//573 664//572
f 667//573 669//574 668//574 666//573
f 669//574 671//575 670//575 668//574
f 671//575 673//576 672//576 670//575
f 673//576 675//577 674//578 672//576
f 675//577 677//579 676//579 674//578
f 677//579 679//580 678//580 676//579
f 681//581 684//582 683//583 680//584
f 682//585 685//586 684//582 681//581
f 684//582 687//587 686//588 683//583
f 685//586 688//589 687//587 684//582
f 687//587 690//590 689//591 686//588
f 688//589 691//592 690//590 687//587
f 690//590 693//593 692//594 689//591
f 691//592 694//595 693//593 690//590
f 693//593 696//596 695//597 692//594
f 694//595 697//598 696//596 693//593
f 696//596 699//599 698//600 695//597
f 697//598 700//601 699//599 696//596
f 699//599 702//602 701//603 698//600
f 700//601 703//604 702//602 699//599
f 702//602 705//605 704//606 701//603
f 703//604 706//607 705//605 702//602
f 705//605 708//608 707//609 704//606
f 706//607 709//610 708//608 705//605
f 708//608 711//611 710//612 707//609
f 709//610 712//613 711//611 708//608
f 711//611 714//614 713//615 710//612
f 712//613 715//616 714//614 711//611
f 714//614 717//617 716//618 713//615
f 715//616 718//619 717//617 714//614
f 717//617 720//620 719//621 716//618
f 718//619 721//622 720//620 717//617
f 720//620 723//623 722//624 719//621
f 721//622 724//625 723//623 720//620
f 723//623 726//626 725//627 722//624
f 724//625 727//628 726//626 723//623
f 726//626 729//629 728//630 725//627
f 727//628 730//631 729//629 726//626
f 729//629 732//632 731//633 728//630
f 730//631 733//634 732//632 729//629
f 732//632 735//635 734//636 731//633
f 733//634 736//637 735//635 732//632
f 735//635 738//638 737//639 734//636
f 736//637 739//640 738//638 735//635
f 738//638 741//641 740//642 737//639
f 739//640 742//643 741//641 738//638
f 741//641 744//644 743//645 740//642
f 742//643 745//646 744//644 741//641
f 744//644 747//647 746//648 743//645
f 745//646 748//649 747//647 744//644
f 747//647 750//650 749//651 746//648
f 748//649 751//652 750//650 747//647
f 750//650 753//653 752//654 749//651
f 751//652 754//655 753//653 750//650
f 753//653 756//656 755//657 752//654
f 754//655 757//658 756//656 753//653
f 756//656 759//659 758//660 755//657
f 757//658 760//661 759//659 756//656
f 759//659 762//662 761//663 758//660
f 760//661 763//664 762//662 759//659
f 762//662 765//665 764//666 761//663
f 763//664 766//667 765//665 762//662
f 765//665 768//668 767//669 764//666
f 766//667 769//670 768//668 765//665
f 768//668 771//671 770//672 767//669
f 769//670 772//673 771//671 768//668
f 771//671 774//674 773//675 770//672
f 772//673 775//676 774//674 771//671
f 774//674 777//677 776//678 773//675
f 775//676 778//679 777//677 774//674
f 777//677 780//680 779//681 776//678
f 778//679 781//682 780//680 777//677
f 780//680 783//683 782//684 779//681
f 781//682 784//685 783//683 780//680
f 783//683 786//686 785//687 782//684
f 784//685 787//688 786//686 783//683
f 786//686 789//689 788//690 785//687
f 787//688 790//691 789//689 786//686
f 789//689 792//692 791//693 788//690
f 790//691 793//694 792//692 789//689
f 792//692 795//695 794//696 791//693
f 793//694 796//697 795//695 792//692
f 795//695 798//698 797//699 794//696
f 796//697 799//700 798//698 795//695
f 798//698 801//701 800//702 797//699
f 799//700 802//703 801//701 798//698
f 801//701 804//704 803//705 800//702
f 802//703 805//706 804//704 801//701
f 804//704 807//707 806//708 803//705
f 805//706 808//709 807//707 804//704
f 807//707 810//710 809//711 806//708
f 808//709 811//712 810//710 807//707
f 810//710 813//713 812//714 809//711
f 811//712 814//715 813//713 810//710
f 813//713 816//716 815//717 812//714
f 814//715 817//718 816//716 813//713
f 816//716 819//719 818//720 815//717
f 817//718 820//721 819//719 816//716
f 819//719 822//722 821//723 818//720
f 820//721 823//724 822//722 819//719
f 822//722 825//725 824//726 821//723
f 823//724 826//727 825//725 822//722
f 825//725 828//728 827//729 824//726
f 826//727 829//730 828//728 825//725
f 828//728 831//731 830//732 827//729
f 829//730 832//733 831//731 828//728
f 831//731 834//734 833//735 830//732
f 832//733 835//736 834//734 831//731
f 834//734 837//737 836//738 833//735
f 835//736 838//739 837//737 834//734
f 837//737 840//740 839//741 836//738
f 838//739 841//742 840//740 837//737
f 840//740 843//743 842//744 839//741
f 841//742 844//745 843//743 840//740
f 843//743 846//746 845//747 842//744
f 844//745 847//748 846//746 843//743
f 846//746 849//749 848//750 845//747
f 847//748 850//751 849//749 846//746
f 849//749 852//752 851//753 848//750
f 850//751 853//754 852//752 849//749
f 852//752 855//755 854//756 851//753
f 853//754 856//757 855//755 852//752
f 855//755 858//758 857//759 854//756
f 856//757 859//760 858//758 855//755
f 858//758 861//761 860//762 857//759
f 859//760 862//763 861//761 858//758
f 861//761 864//764 863//765 860//762
f 862//763 865//766 864//764 861//761
f 864//764 867//767 866//768 863//765
f 865//766 868//769 867//767 864//764
f 867//767 870//770 869//771 866//768
f 868//769 871//772 870//770 867//767
f 870//770 873//773 872//774 869//771
f 871//772 874//775 873//773 870//770
f 873//773 876//776 875//777 872//774
f 874//775 877//778 876//776 873//773
f 876//776 879//779 878//780 875//777
f 877//778 880//781 879//779 876//776
f 879//779 882//782 881//783 878//780
f 880//781 883//784 882//782 879//779
f 882//782 885//785 884//786 881//783
f 883//784 886//787 885//785 882//782
f 885//785 888//788 887//789 884//786
f 886//787 889//790 888//788 885//785
f 888//788 891//791 890//792 887//789
f 889//790 892//793 891//791 888//788
f 891//791 894//794 893//795 890//792
f 892//793 895//796 894//794 891//791
f 894//794 897//797 896//798 893//795
f 895//796 898//799 897//797 894//794
f 897//797 900//800 899//801 896//798
f 898//799 901//802 900//800 897//797
f 900//800 903//803 902//804 899//801
f 901//802 904//805 903//803 900//800
f 903//803 906//806 905//807 902//804
f 904//805 907//808 906//806 903//803
f 906//806 909//809 908//810 905//807
f 907//808 910//811 909//809 906//806
f 909//809 912//812 911//813 908//810
f 910//811 913//814 912//812 909//809
f 912//812 915//815 914//816 911//813
f 913//814 916//817 915//815 912//812
f 915//815 918//818 917//819 914//816
f 916//817 919//820 918//818 915//815
f 918//818 921//821 920//822 917//819
f 919//820 922//823 921//821 918//818
f 921//821 924//824 923//825 920//822
f 922//823 925//826 924//824 921//821
f 924//824 927//827 926//828 923//825
f 925//826 928//829 927//827 924//824
f 927//827 930//830 929//831 926//828
f 928//829 931//832 930//830 927//827
f 930//830 933//833 932//834 929//831
f 931//832 934//835 933//833 930//830
f 933//833 936//836 935//837 932//834
f 934//835 937//838 936//836 933//833
f 936//836 939//839 938//840 935//837
f 937//838 940//841 939//839 936//836
f 939//839 942//842 941//843 938//840
f 940//841 943//844 942//842 939//839
f 942//842 945//845 944//846 941//843
f 943//844 946//847 945//845 942//842
f 945//845 948//848 947//849 944//846
f 946//847 949//850 948//848 945//845
f 948//848 951//851 950//852 947//849
f 949//850 952//853 951//851 948//848
f 951//851 954//854 953//855 950//852
f 952//853 955//856 954//854 951//851
f 954//854 957//857 956//858 953//855
f 955//856 958//859 957//857 954//854
f 957//857 960//860 959//861 956//858
f 958//859 961//862 960//860 957//857
f 960//860 963//863 962//864 959//861
f 961//862 964//865 963//863 960//860
f 963//863 966//866 965//867 962//864
f 964//865 967//868 966//866 963//863
f 966//866 969//869 968//870 965//867
f 967//868 970//871 969//869 966//866
o BezierCircle
v 0.000000 0.098800 1.000000
v 0.000000 -0.000000 0.901200
v 0.000000 -0.098800 1.000000
v 0.000000 0.000000 1.098800
v -0.135661 0.098800 0.990868
v -0.122419 -0.000000 0.892960
v -0.135661 -0.098800 0.990868
v -0.148902 0.000000 1.088777
v -0.265784 0.098800 0.964268
v -0.239619 -0.000000 0.868996
v -0.265784 -0.098800 0.964268
v -0.291950 0.000000 1.059540
v -0.389178 0.098800 0.921393
v -0.350721 -0.000000 0.830384
v -0.389178 -0.098800 0.921393
v -0.427634 0.000000 1.012401
v -0.504648 0.098800 0.863435
v -0.454731 -0.000000 0.778172
v -0.504648 -0.098800 0.863435
v -0.554565 0.000000 0.948698
v -0.611002 0.098800 0.791589
v -0.550586 -0.000000 0.713414
v -0.611002 -0.098800 0.791589
v -0.671418 0.000000 0.869764
v -0.707047 0.098800 0.707047
v -0.637185 -0.000000 0.637185
v -0.707047 -0.098800 0.707047
v -0.776909 0.000000 0.776909
v -0.791589 0.098800 0.611002
v -0.713414 -0.000000 0.550586
v -0.791589 -0.098800 0.611002
v -0.869764 0.000000 0.671418
v -0.863435 0.098800 0.504648
v -0.778172 -0.000000 0.454731
v -0.863435 -0.098800 0.504648
v -0.948698 0.000000 0.554565
v -0.921393 0.098800 0.389178
v -0.830384 -0.000000 0.350721
v -0.921393 -0.098800 0.389178
v -1.012401 0.000000 0.427634
v -0.964268 0.098800 0.265784
v -0.868996 -0.000000 0.239619
v -0.964268 -0.098800 0.265784
v -1.059540 0.000000 0.291950
v -0.990868 0.098800 0.135661
v -0.892960 -0.000000 0.122419
v -0.990868 -0.098800 0.135661
v -1.088777 0.000000 0.148902
v -1.000000 0.098800 0.000000
v -0.901200 -0.000000 -0.000000
v -1.000000 -0.098800 -0.000000
v -1.098800 0.000000 0.000000
v -0.990868 0.098800 -0.135661
v -0.892960 -0.000000 -0.122419
v -0.990868 -0.098800 -0.135661
v -1.088777 0.000000 -0.148902
v -0.964268 0.098800 -0.265784
v -0.868996 -0.000000 -0.239619
v -0.964268 -0.098800 -0.265784
v -1.059540 0.000000 -0.291950
v -0.921393 0.098800 -0.389178
v -0.830384 -0.000000 -0.350721
v -0.921393 -0.098800 -0.389178
v -1.012401 0.000000 -0.427634
v -0.863435 0.098800 -0.504648
v -0.778172 -0.000000 -0.454731
v -0.863435 -0.098800 -0.504648
v -0.948698 0.000000 -0.554565
v -0.791589 0.098800 -0.611002
v -0.713414 -0.000000 -0.550586
v -0.791589 -0.098800 -0.611002
v -0.869764 0.000000 -0.671418
v -0.707047 0.098800 -0.707047
v -0.637185 -0.000000 -0.637185
v -0.707047 -0.098800 -0.707047
v -0.776909 0.000000 -0.776909
v -0.611002 0.098800 -0.791589
v -0.550586 -0.000000 -0.713414
v -0.611002 -0.098800 -0.791589
v -0.671418 0.000000 -0.869764
v -0.504648 0.098800 -0.863435
v -0.454731 -0.000000 -0.778172
v -0.504648 -0.098800 -0.863435
v -0.554565 0.000000 -0.948698
v -0.389178 0.098800 -0.921393
v -0.350721 -0.000000 -0.830384
v -0.389178 -0.098800 -0.921393
v -0.427634 0.000000 -1.012401
v -0.265784 0.098800 -0.964268
v -0.239619 -0.000000 -0.868996
v -0.265784 -0.098800 -0.964268
v -0.291950 0.000000 -1.059540
v -0.135661 0.098800 -0.990868
v -0.122419 -0.000000 -0.892959
v -0.135661 -0.098800 -0.990868
v -0.148902 0.000000 -1.088777
v 0.000000 0.098800 -1.000000
v 0.000000 -0.000000 -0.901200
v -0.000000 -0.098800 -1.000000
v -0.000000 0.000000 -1.098800
v 0.135661 0.098800 -0.990868
v 0.122419 -0.000000 -0.892960
v 0.135661 -0.098800 -0.990868
v 0.148902 0.000000 -1.088777
v 0.265784 0.098800 -0.964268
v 0.239619 -0.000000 -0.868996
v 0.265784 -0.098800 -0.964268
v 0.291950 0.000000 -1.059540
v 0.389178 0.098800 -0.921393
v 0.350721 -0.000000 -0.830384
v 0.389178 -0.098800 -0.921393
v 0.427634 0.000000 -1.012401
v 0.504648 0.098800 -0.863435
v 0.454731 -0.000000 -0.778172
v 0.504648 -0.098800 -0.863435
v 0.554565 0.000000 -0.948698
v 0.611002 0.098800 -0.791589
v 0.550586 -0.000000 -0.713414
v 0.611002 -0.098800 -0.791589
v 0.671418 0.000000 -0.869764
v 0.707047 0.098800 -0.707047
v 0.637185 -0.000000 -0.637185
v 0.707047 -0.098800 -0.707047
v 0.776909 0.000000 -0.776909
v 0.791589 0.098800 -0.611002
v 0.713414 -0.000000 -0.550586
v 0.791589 -0.098800 -0.611002
v 0.869764 0.000000 -0.671418
v 0.863435 0.098800 -0.504648
v 0.778172 -0.000000 -0.454731
v 0.863435 -0.098800 -0.504648
v 0.948698 0.000000 -0.554565
v 0.921393 0.098800 -0.389178
v 0.830384 -0.000000 -0.350721
v 0.921393 -0.098800 -0.389178
v 1.012401 0.000000 -0.427634
v 0.964268 0.098800 -0.265784
v 0.868996 -0.000000 -0.239619
v 0.964268 -0.098800 -0.265784
v 1.059540 0.000000 -0.291950
v 0.990868 0.098800 -0.135661
v 0.892960 -0.000000 -0.122419
v 0.990868 -0.098800 -0.135661
v 1.088777 0.000000 -0.148902
v 1.000000 0.098800 -0.000000
v 0.901200 -0.000000 0.000000
v 1.000000 -0.098800 0.000000
v 1.098800 0.000000 -0.000000
v 0.990868 0.098800 0.135661
v 0.892960 -0.000000 0.122419
v 0.990868 -0.098800 0.135661
v 1.088777 0.000000 0.148902
v 0.964268 0.098800 0.265784
v 0.868996 -0.000000 0.239619
v 0.964268 -0.098800 0.265784
v 1.059540 0.000000 0.291950
v 0.921393 0.098800 0.389178
v 0.830384 -0.000000 0.350721
v 0.921393 -0.098800 0.389178
v 1.012401 0.000000 0.427634
v 0.863435 0.098800 0.504648
v 0.778172 -0.000000 0.454731
v 0.863435 -0.098800 0.504648
v 0.948698 0.000000 0.554565
v 0.791589 0.098800 0.611002
v 0.713414 -0.000000 0.550586
v 0.791589 -0.098800 0.611002
v 0.869764 0.000000 0.671418
v 0.707047 0.098800 0.707047
v 0.637185 -0.000000 0.637185
v 0.707047 -0.098800 0.707047
v 0.776909 0.000000 0.776909
v 0.611002 0.098800 0.791589
v 0.550586 -0.000000 0.713414
v 0.611002 -0.098800 0.791589
v 0.671418 0.000000 0.869764
v 0.504648 0.098800 0.863435
v 0.454731 -0.000000 0.778173
v 0.504648 -0.098800 0.863435
v 0.554565 0.000000 0.948698
v 0.389178 0.098800 0.921393
v 0.350721 -0.000000 0.830384
v 0.389178 -0.098800 0.921393
v 0.427634 0.000000 1.012401
v 0.265784 0.098800 0.964268
v 0.239619 -0.000000 0.868996
v 0.265784 -0.098800 0.964268
v 0.291950 0.000000 1.059540
v 0.135661 0.098800 0.990868
v 0.122419 -0.000000 0.892960
v 0.135661 -0.098800 0.990868
v 0.148902 0.000000 1.088777
vn 0.000000 0.999542 0.030213
vn -0.004028 0.999542 0.029939
vn -0.134007 0.000000 0.990966
vn 0.000000 0.000000 1.000000
vn 0.000000 0.000000 -1.000000
vn 0.134007 0.000000 -0.990966
vn 0.000000 -0.999542 0.030213
vn -0.004028 -0.999542 0.029939
vn -0.007874 0.999542 0.028779
vn -0.264809 0.000000 0.964293
vn 0.264840 0.000000 -0.964263
vn -0.007874 -0.999542 0.028779
vn -0.011414 0.999542 0.027070
vn -0.389203 0.000000 0.921140
vn 0.389233 0.000000 -0.921110
vn -0.011414 -0.999542 0.027070
vn -0.014618 0.999573 0.025025
vn -0.505203 0.000000 0.862972
vn 0.505234 0.000000 -0.862972
vn -0.014618 -0.999573 0.025025
vn -0.017548 0.999573 0.022706
vn -0.611469 0.000000 0.791223
vn 0.611499 0.000000 -0.791223
vn -0.017548 -0.999573 0.022706
vn -0.020203 0.999573 0.020203
vn -0.707083 0.000000 0.707083
vn 0.707083 0.000000 -0.707083
vn -0.020203 -0.999573 0.020203
vn -0.022706 0.999573 0.017548
vn -0.791223 0.000000 0.611469
vn 0.791223 0.000000 -0.611499
vn -0.022706 -0.999573 0.017548
vn -0.025025 0.999573 0.014618
vn -0.862972 0.000000 0.505203
vn 0.862972 0.000000 -0.505234
vn -0.025025 -0.999573 0.014618
vn -0.027070 0.999542 0.011414
vn -0.921140 0.000000 0.389203
vn 0.921110 0.000000 -0.389233
vn -0.027070 -0.999542 0.011414
vn -0.028779 0.999542 0.007874
vn -0.964293 0.000000 0.264809
vn 0.964263 0.000000 -0.264840
vn -0.028779 -0.999542 0.007874
vn -0.029939 0.999542 0.004028
vn -0.990966 0.000000 0.134007
vn 0.990966 0.000000 -0.134007
vn -0.029939 -0.999542 0.004028
vn -0.030213 0.999542 0.000000
vn -1.000000 0.000000 0.000000
vn 1.000000 0.000000 0.000000
vn -0.030213 -0.999542 0.000000
vn -0.029939 0.999542 -0.004028
vn -0.990966 0.000000 -0.134007
vn 0.990966 0.000000 0.134007
vn -0.029939 -0.999542 -0.004028
vn -0.028779 0.999542 -0.007874
vn -0.964293 0.000000 -0.264809
vn 0.964263 0.000000 0.264840
vn -0.028779 -0.999542 -0.007874
vn -0.027070 0.999542 -0.011414
vn -0.921140 0.000000 -0.389203
vn 0.921110 0.000000 0.389233
vn -0.027070 -0.999542 -0.011414
vn -0.025025 0.999573 -0.014618
vn -0.862972 0.000000 -0.505203
vn 0.862972 0.000000 0.505234
vn -0.025025 -0.999573 -0.014618
vn -0.022706 0.999573 -0.017548
vn -0.791223 0.000000 -0.611469
vn 0.791223 0.000000 0.611499
vn -0.022706 -0.999573 -0.017548
vn -0.020203 0.999573 -0.020203
vn -0.707083 0.000000 -0.707083
vn 0.707083 0.000000 0.707083
vn -0.020203 -0.999573 -0.020203
vn -0.017548 0.999573 -0.022706
vn -0.611469 0.000000 -0.791223
vn 0.611499 0.000000 0.791223
vn -0.017548 -0.999573 -0.022706
vn -0.014618 0.999573 -0.025025
vn -0.505203 0.000000 -0.862972
vn 0.505234 0.000000 0.862972
vn -0.014618 -0.999573 -0.025025
vn -0.011414 0.999542 -0.027070
vn -0.389203 0.000000 -0.921140
vn 0.389233 0.000000 0.921110
vn -0.011414 -0.999542 -0.027070
vn -0.007874 0.999542 -0.028779
vn -0.264809 0.000000 -0.964293
vn 0.264840 0.000000 0.964263
vn -0.007874 -0.999542 -0.028779
vn -0.004028 0.999542 -0.029939
vn -0.134007 0.000000 -0.990966
vn 0.134007 0.000000 0.990966
vn -0.004028 -0.999542 -0.029939
vn 0.000000 0.999542 -0.030213
vn 0.000000 -0.999542 -0.030213
vn 0.004028 0.999542 -0.029939
vn 0.004028 -0.999542 -0.029939
vn 0.007874 0.999542 -0.028779
vn 0.264809 0.000000 -0.964293
vn -0.264840 0.000000 0.964263
vn 0.007874 -0.999542 -0.028779
vn 0.011414 0.999542 -0.027070
vn 0.389203 0.000000 -0.921140
vn -0.389233 0.000000 0.921110
vn 0.011414 -0.999542 -0.027070
vn 0.014618 0.999573 -0.025025
vn 0.505203 0.000000 -0.862972
vn -0.505234 0.000000 0.862972
vn 0.014618 -0.999573 -0.025025
vn 0.017548 0.999573 -0.022706
vn 0.611469 0.000000 -0.791223
vn -0.611499 0.000000 0.791223
vn 0.017548 -0.999573 -0.022706
vn 0.020203 0.999573 -0.020203
vn 0.020203 -0.999573 -0.020203
vn 0.022706 0.999573 -0.017548
vn 0.791223 0.000000 -0.611469
vn -0.791223 0.000000 0.611499
vn 0.022706 -0.999573 -0.017548
vn 0.025025 0.999573 -0.014618
vn 0.862972 0.000000 -0.505203
vn -0.862972 0.000000 0.505234
vn 0.025025 -0.999573 -0.014618
vn 0.027070 0.999542 -0.011414
vn 0.921140 0.000000 -0.389203
vn -0.921110 0.000000 0.389233
vn 0.027070 -0.999542 -0.011414
vn 0.028779 0.999542 -0.007874
vn 0.964293 0.000000 -0.264809
vn -0.964263 0.000000 0.264840
vn 0.028779 -0.999542 -0.007874
vn 0.029939 0.999542 -0.004028
vn 0.029939 -0.999542 -0.004028
vn 0.030213 0.999542 0.000000
vn 0.030213 -0.999542 0.000000
vn 0.029939 0.999542 0.004028
vn 0.029939 -0.999542 0.004028
vn 0.028779 0.999542 0.007874
vn 0.964293 0.000000 0.264809
vn -0.964263 0.000000 -0.264840
vn 0.028779 -0.999542 0.007874
vn 0.027070 0.999542 0.011414
vn 0.921140 0.000000 0.389203
vn -0.921110 0.000000 -0.389233
vn 0.027070 -0.999542 0.011414
vn 0.025025 0.999573 0.014618
vn 0.862972 0.000000 0.505203
vn -0.862972 0.000000 -0.505234
vn 0.025025 -0.999573 0.014618
vn 0.022706 0.999573 0.017548
vn 0.791223 0.000000 0.611469
vn -0.791223 0.000000 -0.611499
vn 0.022706 -0.999573 0.017548
vn 0.020203 0.999573 0.020203
vn 0.020203 -0.999573 0.020203
vn 0.017548 0.999573 0.022706
vn 0.611469 0.000000 0.791223
vn -0.611499 0.000000 -0.791223
vn 0.017548 -0.999573 0.022706
vn 0.014618 0.999573 0.025025
vn 0.505203 0.000000 0.862972
vn -0.505234 0.000000 -0.862972
vn 0.014618 -0.999573 0.025025
vn 0.011414 0.999542 0.027070
vn 0.389203 0.000000 0.921140
vn -0.389233 0.000000 -0.921110
vn 0.011414 -0.999542 0.027070
vn 0.007874 0.999542 0.028779
vn 0.264809 0.000000 0.964293
vn -0.264840 0.000000 -0.964263
vn 0.007874 -0.999542 0.028779
vn 0.004028 0.999542 0.029939
vn 0.004028 -0.999542 0.029939
usemtl 
s 1
f 971//872 975//873 978//874 974//875
f 975//873 971//872 972//876 976//877
f 973//878 977//879 976//877 972//876
f 974//875 978//874 977//879 973//878
f 975//873 979//880 982//881 978//874
f 976//877 980//882 979//880 975//873
f 977//879 981//883 980//882 976//877
f 978//874 982//881 981//883 977//879
f 979//880 983//884 986//885 982//881
f 980//882 984//886 983//884 979//880
f 981//883 985//887 984//886 980//882
f 982//881 986//885 985//887 981//883
f 983//884 987//888 990//889 986//885
f 984//886 988//890 987//888 983//884
f 985//887 989//891 988//890 984//886
f 986//885 990//889 989//891 985//887
f 987//888 991//892 994//893 990//889
f 988//890 992//894 991//892 987//888
f 989//891 993//895 992//894 988//890
f 990//889 994//893 993//895 989//891
f 991//892 995//896 998//897 994//893
f 992//894 996//898 995//896 991//892
f 993//895 997//899 996//898 992//894
f 994//893 998//897 997//899 993//895
f 995//896 999//900 1002//901 998//897
f 996//898 1000//902 999//900 995//896
f 997//899 1001//903 1000//902 996//898
f 998//897 1002//901 1001//903 997//899
f 999//900 1003//904 1006//905 1002//901
f 1000//902 1004//906 1003//904 999//900
f 1001//903 1005//907 1004//906 1000//902
f 1002//901 1006//905 1005//907 1001//903
f 1003//904 1007//908 1010//909 1006//905
f 1004//906 1008//910 1007//908 1003//904
f 1005//907 1009//911 1008//910 1004//906
f 1006//905 1010//909 1009//911 1005//907
f 1007//908 1011//912 1014//913 1010//909
f 1008//910 1012//914 1011//912 1007//908
f 1009//911 1013//915 1012//914 1008//910
f 1010//909 1014//913 1013//915 1009//911
f 1011//912 1015//916 1018//917 1014//913
f 1012//914 1016//918 1015//916 1011//912
f 1013//915 1017//919 1016//918 1012//914
f 1014//913 1018//917 1017//919 1013//915
f 1015//916 1019//920 1022//921 1018//917
f 1016//918 1020//922 1019//920 1015//916
f 1017//919 1021//923 1020//922 1016//918
f 1018//917 1022//921 1021//923 1017//919
f 1019//920 1023//924 1026//925 1022//921
f 1020//922 1024//926 1023//924 1019//920
f 1021//923 1025//927 1024//926 1020//922
f 1022//921 1026//925 1025//927 1021//923
f 1023//924 1027//928 1030//929 1026//925
f 1024//926 1028//930 1027//928 1023//924
f 1025//927 1029//931 1028//930 1024//926
f 1026//925 1030//929 1029//931 1025//927
f 1027//928 1031//932 1034//933 1030//929
f 1028//930 1032//934 1031//932 1027//928
f 1029//931 1033//935 1032//934 1028//930
f 1030//929 1034//933 1033//935 1029//931
f 1031//932 1035//936 1038//937 1034//933
f 1032//934 1036//938 1035//936 1031//932
f 1033//935 1037//939 1036//938 1032//934
f 1034//933 1038//937 1037//939 1033//935
f 1035//936 1039//940 1042//941 1038//937
f 1036//938 1040//942 1039//940 1035//936
f 1037//939 1041//943 1040//942 1036//938
f 1038//937 1042//941 1041//943 1037//939
f 1039//940 1043//944 1046//945 1042//941
f 1040//942 1044//946 1043//944 1039//940
f 1041//943 1045//947 1044//946 1040//942
f 1042//941 1046//945 1045//947 1041//943
f 1043//944 1047//948 1050//949 1046//945
f 1044//946 1048//950 1047//948 1043//944
f 1045//947 1049//951 1048//950 1044//946
f 1046//945 1050//949 1049//951 1045//947
f 1047//948 1051//952 1054//953 1050//949
f 1048//950 1052//954 1051//952 1047//948
f 1049//951 1053//955 1052//954 1048//950
f 1050//949 1054//953 1053//955 1049//951
f 1051//952 1055//956 1058//957 1054//953
f 1052//954 1056//958 1055//956 1051//952
f 1053//955 1057//959 1056//958 1052//954
f 1054//953 1058//957 1057//959 1053//955
f 1055//956 1059//960 1062//961 1058//957
f 1056//958 1060//962 1059//960 1055//956
f 1057//959 1061//963 1060//962 1056//958
f 1058//957 1062//961 1061//963 1057//959
f 1059//960 1063//964 1066//965 1062//961
f 1060//962 1064//966 1063//964 1059//960
f 1061//963 1065//967 1064//966 1060//962
f 1062//961 1066//965 1065//967 1061//963
f 1063//964 1067//968 1070//876 1066//965
f 1064//966 1068//875 1067//968 1063//964
f 1065//967 1069//969 1068//875 1064//966
f 1066//965 1070//876 1069//969 1065//967
f 1067//968 1071//970 1074//877 1070//876
f 1068//875 1072//874 1071//970 1067//968
f 1069//969 1073//971 1072//874 1068//875
f 1070//876 1074//877 1073//971 1069//969
f 1071//970 1075//972 1078//973 1074//877
f 1072//874 1076//974 1075//972 1071//970
f 1073//971 1077//975 1076//974 1072//874
f 1074//877 1078//973 1077//975 1073//971
f 1075//972 1079//976 1082//977 1078//973
f 1076//974 1080//978 1079//976 1075//972
f 1077//975 1081//979 1080//978 1076//974
f 1078//973 1082//977 1081//979 1077//975
f 1079//976 1083//980 1086//981 1082//977
f 1080//978 1084//982 1083//980 1079//976
f 1081//979 1085//983 1084//982 1080//978
f 1082//977 1086//981 1085//983 1081//979
f 1083//980 1087//984 1090//985 1086//981
f 1084//982 1088//986 1087//984 1083//980
f 1085//983 1089//987 1088//986 1084//982
f 1086//981 1090//985 1089//987 1085//983
f 1087//984 1091//988 1094//898 1090//985
f 1088//986 1092//897 1091//988 1087//984
f 1089//987 1093//989 1092//897 1088//986
f 1090//985 1094//898 1093//989 1089//987
f 1091//988 1095//990 1098//991 1094//898
f 1092//897 1096//992 1095//990 1091//988
f 1093//989 1097//993 1096//992 1092//897
f 1094//898 1098//991 1097//993 1093//989
f 1095//990 1099//994 1102//995 1098//991
f 1096//992 1100//996 1099//994 1095//990
f 1097//993 1101//997 1100//996 1096//992
f 1098//991 1102//995 1101//997 1097//993
f 1099//994 1103//998 1106//999 1102//995
f 1100//996 1104//1000 1103//998 1099//994
f 1101//997 1105//1001 1104//1000 1100//996
f 1102//995 1106//999 1105//1001 1101//997
f 1103//998 1107//1002 1110//1003 1106//999
f 1104//1000 1108//1004 1107//1002 1103//998
f 1105//1001 1109//1005 1108//1004 1104//1000
f 1106//999 1110//1003 1109//1005 1105//1001
f 1107//1002 1111//1006 1114//918 1110//1003
f 1108//1004 1112//917 1111//1006 1107//1002
f 1109//1005 1113//1007 1112//917 1108//1004
f 1110//1003 1114//918 1113//1007 1109//1005
f 1111//1006 1115//1008 1118//922 1114//918
f 1112//917 1116//921 1115//1008 1111//1006
f 1113//1007 1117//1009 1116//921 1112//917
f 1114//918 1118//922 1117//1009 1113//1007
f 1115//1008 1119//1010 1122//926 1118//922
f 1116//921 1120//925 1119//1010 1115//1008
f 1117//1009 1121//1011 1120//925 1116//921
f 1118//922 1122//926 1121//1011 1117//1009
f 1119//1010 1123//1012 1126//1013 1122//926
f 1120//925 1124//1014 1123//1012 1119//1010
f 1121//1011 1125//1015 1124//1014 1120//925
f 1122//926 1126//1013 1125//1015 1121//1011
f 1123//1012 1127//1016 1130//1017 1126//1013
f 1124//1014 1128//1018 1127//1016 1123//1012
f 1125//1015 1129//1019 1128//1018 1124//1014
f 1126//1013 1130//1017 1129//1019 1125//1015
f 1127//1016 1131//1020 1134//1021 1130//1017
f 1128//1018 1132//1022 1131//1020 1127//1016
f 1129//1019 1133//1023 1132//1022 1128//1018
f 1130//1017 1134//1021 1133//1023 1129//1019
f 1131//1020 1135//1024 1138//1025 1134//1021
f 1132//1022 1136//1026 1135//1024 1131//1020
f 1133//1023 1137//1027 1136//1026 1132//1022
f 1134//1021 1138//1025 1137//1027 1133//1023
f 1135//1024 1139//1028 1142//946 1138//1025
f 1136//1026 1140//945 1139//1028 1135//1024
f 1137//1027 1141//1029 1140//945 1136//1026
f 1138//1025 1142//946 1141//1029 1137//1027
f 1139//1028 1143//1030 1146//1031 1142//946
f 1140//945 1144//1032 1143//1030 1139//1028
f 1141//1029 1145//1033 1144//1032 1140//945
f 1142//946 1146//1031 1145//1033 1141//1029
f 1143//1030 1147//1034 1150//1035 1146//1031
f 1144//1032 1148//1036 1147//1034 1143//1030
f 1145//1033 1149//1037 1148//1036 1144//1032
f 1146//1031 1150//1035 1149//1037 1145//1033
f 1147//1034 1151//1038 1154//1039 1150//1035
f 1148//1036 1152//1040 1151//1038 1147//1034
f 1149//1037 1153//1041 1152//1040 1148//1036
f 1150//1035 1154//1039 1153//1041 1149//1037
f 1151//1038 1155//1042 1158//1043 1154//1039
f 1152//1040 1156//1044 1155//1042 1151//1038
f 1153//1041 1157//1045 1156//1044 1152//1040
f 1154//1039 1158//1043 1157//1045 1153//1041
f 1155//1042 1159//1046 1162//966 1158//1043
f 1156//1044 1160//965 1159//1046 1155//1042
f 1157//1045 1161//1047 1160//965 1156//1044
f 1158//1043 1162//966 1161//1047 1157//1045
f 1159//1046 971//872 974//875 1162//966
f 971//872 1159//1046 1160//965 972//876
f 1161//1047 973//878 972//876 1160//965
f 1162//966 974//875 973//878 1161//1047
